left000001.jpg,-49.23569137683501395486019,-25.4521532771113250248618,916.9814603189006447792053,0.9191455084481965354115118,0.03836873856450126463180084,-0.3920451175572466362417856,-0.3933175173698932325372368,0.03445035481060204629599752,-0.9187570427394869954085266,-0.02174545537555440388732819,0.9986696215237511609075227,0.04675598588541549083252846
left000002.jpg,-49.23568377706178722519326,-25.45213639766699031952157,917.0938097806647419929504,0.9182450197641800482273311,0.04327097089970061843944293,-0.393641596831023232727631,-0.3949367125431824110393109,0.0268346121107805937744395,-0.9183163380221694982452618,-0.02917321997764810853626116,0.9987029221296297443188905,0.04173004392370711912452208
left000003.jpg,-49.23567491839272491915835,-25.45211776381486501463769,917.2977994410321116447449,0.9176183039251879502984366,0.04482830308398068341890763,-0.394926666033166617886252,-0.3961809673584245072852639,0.0234264727919380882914524,-0.9178735432920330783446161,-0.0318949745948256674354937,0.9987199925980954073878593,0.0392566807111356386172929
left000004.jpg,-49.23566580377094936693538,-25.4520985561637189675821,917.4353116527199745178223,0.9153441836260516328849235,0.04869141734107719499125011,-0.3997176145471632024985809,-0.4009279613217957560777904,0.01790662821302826598901525,-0.9159345623440515726798594,-0.03744055731831641420370715,0.9986533425285060161513684,0.03591247867157619511058186
left000005.jpg,-49.23565689284063040531692,-25.45207873950464971812835,917.5929403230547904968262,0.9146397886536192789463939,0.0469175161785532340852356,-0.4015380476210172466799975,-0.4026008310669956236083067,0.01555151524719950058284201,-0.9152435310875902674254689,-0.03669642810720921688449891,0.9987777015177858874750427,0.03311306562402648034915131
left000006.jpg,-49.23564683202537395345644,-25.45205708938907918081895,917.7372540710493922233582,0.9130405220128237075982724,0.03968375087810906837182401,-0.4059337446909224711433239,-0.4068028635927417591133803,0.01669351222769707709936426,-0.9133634308544706925658829,-0.02946922692057101986207179,0.9990728334639812358020095,0.03138531661391939786565075
left000007.jpg,-49.23563566015559445077088,-25.45203287160265404054371,917.8403818085789680480957,0.9115846741737880787326276,0.03251614180995371361504453,-0.4098244530689494347086566,-0.4106489851128440893290872,0.02470133628506904210908601,-0.9114588608442638628659438,-0.01951391394005033003145044,0.9991659244127207850638683,0.03587008022312449667667877
left000008.jpg,-49.23562492671171497704563,-25.45201133195750031745774,918.1169433798640966415405,0.910531839096778150555167,0.02782059704115134521340558,-0.4125018598398222935408342,-0.4131743780798671217269202,0.02554241185828904497912006,-0.9102936441032514203186565,-0.01478862026537875254406096,0.9992865452795487435366795,0.03475193712458341660509475
left000009.jpg,-49.23561211352922839523671,-25.45198793768768297240968,918.125394451431930065155,0.9090591828583649558481738,0.03082002283125885241932274,-0.41552560481101818989913,-0.416397080721141954473552,0.03130648458799723671264204,-0.9086437009024234123799602,-0.01499577366435796837995653,0.9990345490599523703423301,0.04129281483242762396113079
left000010.jpg,-49.23559868873495304342214,-25.45195971527720502081138,918.1774631869047880172729,0.9114430888446529710478217,0.04162719249106022756379275,-0.4093148820194916215342573,-0.4107203059975459980002199,0.03380773535735788482003983,-0.9111343848583969284860018,-0.02408995721458103561607444,0.998561071680304834785602,0.0479109599786996798176375
left000011.jpg,-49.23558435264208554826837,-25.4519301606341450394666,918.1337099820375442504883,0.9133776098095184314828998,0.06214670975833058719217661,-0.4023420539352864921944786,-0.4045653262887193291064136,0.02815737007739152128471538,-0.9140755216475426880862187,-0.04547789203067072183461761,0.9976697594778237698776024,0.05086071529095914645068888
left000012.jpg,-49.23556983849808688091798,-25.45189814502511183036404,918.2318392945453524589539,0.9151398302333659806606647,0.08422010592666169526143705,-0.3942411253004284299450433,-0.3975514127704473654745243,0.02631419412382091094215752,-0.9172025062066910816582777,-0.06687275472617799920715953,0.9960996621550053387039725,0.05756298923802220801615448
left000013.jpg,-49.23555437160323577927556,-25.45186418577215192726726,918.2510438971221446990967,0.9179560887673572366907138,0.08410894493496823276501573,-0.3876626168163012087219954,-0.3900376299685703318509411,0.01325782010061312202187089,-0.9207034687751970425395598,-0.07229983612316392971308687,0.9963683634018625223660592,0.04497575022673191980082663
left000014.jpg,-49.23553876291818198751571,-25.45182917828691060435631,918.278791949152946472168,0.9205039587712452453516221,0.08769243642839222308005276,-0.3807656739777340870745093,-0.3833331536147784879275946,0.0139189245955219434436323,-0.9235052554684531900264233,-0.07568457720179419534467513,0.9960503501989026453600218,0.04642784339627531453587039
left000015.jpg,-49.23552416015974841911884,-25.45179598866641512699971,918.295978565700352191925,0.9224427801588531705689888,0.08786262420135251827169043,-0.3760046231115486969898143,-0.3789590570602717756187872,0.01915318459775074144690876,-0.9252152120408281277263995,-0.0740901505248548197801739,0.9959484498648594197334205,0.05096405406743016730519713
left000016.jpg,-49.23551171415390825814029,-25.45176604239845374877405,918.3722879327833652496338,0.9221339656199643020073609,0.08819050777269137053604453,-0.3766847273102444382253395,-0.3799016963777190891704549,0.02244395659383313298973484,-0.9247545457588977058094315,-0.07310027728627080390033655,0.9958507434104815203568251,0.05420005820533149720752419
left000017.jpg,-49.2355009562769936337645,-25.45174234432856508192344,918.4051356483250856399536,0.9035081789627892323579772,0.08628909189566344450916802,-0.4197941914404802465909938,-0.4230721887467792097226038,0.02317552043259595018209751,-0.9057995464569897903217566,-0.0684316714420635102689161,0.9960005461205833077187322,0.05744578723583980417455308
left000018.jpg,-49.23549027613140793846469,-25.45172431407003799108679,918.3824244020506739616394,0.8586799074863655789613404,0.08590743146075982550335937,-0.505261051040965747382927,-0.5084823653900440998398835,0.01941440176777935178176193,-0.8608535096584931656238382,-0.06414437283622169416741343,0.9961139464056375514289243,0.06035317066760998577779063
left000019.jpg,-49.23548051333482078462112,-25.45171249188132378549199,918.392004425637423992157,0.7786071422206120029585463,0.08098131351296587732147003,-0.6222643690143010442028526,-0.6250049047011865255285556,0.01153046754226841330570608,-0.7805356605676113668224048,-0.05603380392684607219644377,0.9966489227305527220934778,0.05959142251630119430094723
left000020.jpg,-49.23547100829949130229579,-25.45170502336105045060322,918.4686402147635817527771,0.6815224228775688120052223,0.08495630973906045935173381,-0.7268490988854628964688231,-0.7297747379441489323781411,0.005107906364347180629137402,-0.6836685901451975411191597,-0.05436928336512518444845199,0.9963715846651260976685194,0.06548012139778622286989673
left000022.jpg,-49.23544291529209715463367,-25.45169391174372108821444,918.7308517321944236755371,0.3798234987863410294650635,0.07568382732924193445622763,-0.9219577365858480089144678,-0.921513687492797273215217,-0.05621662234521691142719035,-0.3842554035215671737191201,-0.08091126950635206538375854,0.9955459053468567187650251,0.04839128861662699010448563
left000023.jpg,-49.23542172153575791071489,-25.45168911889510354740196,918.7601622957736253738403,0.1978249935541639692448967,0.04923026372193252397924113,-0.9790003335337347234457184,-0.9780720989523139508037275,-0.05643275542475981176870903,-0.200475218833112284189113,-0.06511713427593374126089998,0.9971919199677854450669656,0.03698693789233939432925524
left000025.jpg,-49.23536020485254027789779,-25.45169079591130412154598,918.7331385556608438491821,-0.1728405792382131378470689,0.06591324865484926576186808,-0.9827418673387041669897712,-0.984345714405868599250482,-0.04649928553066151604156175,0.1700039145900422432600152,-0.03449128439764663489608409,0.996741320552580356562089,0.07291838728125157875759044
left000027.jpg,-49.2352937100730443376051,-25.45171226846112233488384,918.7515724059194326400757,-0.3892018431484477458681681,0.05150867754011741878050756,-0.9197112489406222834986693,-0.9206297395664104765700131,-0.05538333005905557437920095,0.3864887700534818115727376,-0.03102914622954331541615502,0.9971356692494947049354437,0.06897571452785150603048692
left000028.jpg,-49.23525411678458141295778,-25.45172715163504051361087,918.7481332318857312202454,-0.395933133618681210030843,0.04757631978424618768297449,-0.9170460443721892840329701,-0.9178977279316531401320844,-0.04929292895976074284636326,0.393743531010323277730123,-0.02647101737374249474932242,0.9976505906129435885532075,0.06318689966159021786928918
left000030.jpg,-49.2351756293541598097363,-25.45175666555338267471598,918.8349939016625285148621,-0.3855592569328266105976866,0.05467925169515752692461774,-0.9210614739676525886125091,-0.9223998184541013500847839,-0.04757498979279553563692673,0.3832951803271942847750609,-0.02286119658389686171151567,0.9973699412857163215662126,0.06877910954991627023868972
left000032.jpg,-49.23509874918985218528178,-25.45178356015119902622246,918.6685517672449350357056,-0.3832991394961096642823861,0.05487173287931770837566603,-0.9219928755648617579865345,-0.9234604555392796898516394,-0.04156667842160623876912595,0.3814354444728242921058836,-0.01739415754580001319262728,0.9976278385128470871379136,0.06660434751167734757082428
left000034.jpg,-49.23501960800165022646979,-25.45181394588535539469376,918.7756342142820358276367,-0.3877637727762988650859199,0.05497288764473039213154237,-0.9201180566352836764920653,-0.9217429872311218019831358,-0.02896962331231651283092177,0.3867177606671181600006548,-0.00539648149620973807683022,0.9980675040041843137927913,0.06190424410586652798071938
left000035.jpg,-49.2349786978533074943698,-25.45182963354874061678856,918.9239228796213865280151,-0.3930115081938737042754894,0.05912141608491816580084333,-0.9176309784370245692386447,-0.9195037872513808219210318,-0.03329727537563693939848264,0.3916683248399424610575181,-0.007398625382087770097072621,0.9976953190291480977336391,0.06744857841187254510195714
left000037.jpg,-49.23489423580479495967666,-25.45186201413562798734347,918.9734942391514778137207,-0.4049116077896397491997504,0.06000305208096921166793791,-0.9123849097931079343837268,-0.9143498032888381921168275,-0.03019538056487539035011025,0.4037978160146554751364079,-0.00332070818834338463143574,0.9977413856974715056225023,0.06709023895930767145134865
left000039.jpg,-49.23480817901499051458813,-25.45189585392948572462046,919.0335661554709076881409,-0.4123566696707128276244703,0.0515588225362921398486904,-0.909562347943641547054483,-0.9110084458925298278586524,-0.01779308146911501992137872,0.4120036623190511115844004,0.005058506751609584406459419,0.9985114391285182522395303,0.05430761860861992723625846
left000040.jpg,-49.23476641956618493622955,-25.45191249358206775355029,919.0389636997133493423462,-0.4156829318755680957586662,0.06430857762952006673184968,-0.9072332153259161646730035,-0.9095054447768000649432452,-0.02637874396402454385546221,0.4148542006394966286109138,0.002747010864016460190972779,0.9975813594440046117028942,0.06945419513006043099601072
left000042.jpg,-49.23468804239531237953997,-25.45193957144589802510382,918.4646534323692321777344,-0.389297962203530689695441,0.0652949123450465157558753,-0.918794683836400616350204,-0.9211013753543586535244003,-0.02283192252968450561279035,0.3886527494228078083438049,0.00439919816418495035481584,0.9976047703050801018775928,0.06903165447865940163030274
left000044.jpg,-49.23461676159417521603245,-25.45196608461555598523773,918.5423281593248248100281,-0.4017852762257771437326426,0.06483192902116523270716897,-0.9134360474535536678075687,-0.915725369391311327937899,-0.02413746372854242219774257,0.4010790828476348268694096,0.003954701167298589614684801,0.9976042320600627677507077,0.06906631968281962130618012
left000045.jpg,-49.23459284515680423055528,-25.45197622071401610810426,918.5510477917268872261047,-0.4581784662053025591887945,0.06199318707037294873263278,-0.8866957414257805591972783,-0.8886933004300013871912256,-0.0126175714982025687777023,0.4583285008160842832758419,0.01722529757618346604730597,0.9979968144469928414963533,0.06087402957802613701066008
left000047.jpg,-49.23456688477721598928838,-25.4519938363621847088325,918.5619617346674203872681,-0.6633349660840511807791131,0.04146916505850405804123326,-0.7471726916313400357338992,-0.7483072123387963792140454,-0.03035440728006750035761208,0.6626574725455192105272317,0.004799867915919190514140169,0.9986785860866480568631687,0.05116681502657145774737302
left000048.jpg,-49.23455658557256953145043,-25.45200673612340125373521,918.6027745306491851806641,-0.8094462673857671930477409,0.01709936257461717318273386,-0.5869449309899446021177027,-0.5871249226888831662662938,-0.03889549711662916575694027,0.8085613554094850385922655,-0.009003631090968876315994152,0.9990969683186873284697072,0.04152327688882041095697062
left000050.jpg,-49.23454707490484594245572,-25.45204805545080972706273,918.5600136583670973777771,-0.9999592049666241599936711,-0.002286951709600259369237207,-0.008738321028366882042837105,-0.008697715504596444449636472,-0.01720062636858630394920411,0.999814226842931974559292,-0.002436831450458760983668327,0.9998494428184706572793061,0.01718003341311649667666472
left000052.jpg,-49.23456576972948539605568,-25.45210323526298523688638,918.7004725774750113487244,-0.9278376751987079673611447,-0.03648256169603562859560242,0.3711957316214076763039031,0.3712825973979066440655572,0.004615599206433349324663062,0.9285084432106310847743202,-0.03558765728902499314578733,0.999323630730335699112743,0.009262813428887219091567573
left000054.jpg,-49.2345937778758795388967,-25.45216188105750276804429,918.8860753765329718589783,-0.9139711159156042041828982,-0.04341988624444722416617637,0.4034495169788964163970491,0.4030085823895840357877773,0.0188590533220583805862347,0.915001868100898452240699,-0.04733795297986141681345629,0.9988788963564678713424883,0.0002619567930180269343942712
left000055.jpg,-49.23460859732129790700128,-25.45219417154615726417433,918.9877454442903399467468,-0.9174454050498680457437217,-0.04492341997532406372428682,0.3953173599661473081035012,0.3950637151270199320940435,0.01476832237906270002547604,0.9185350062159556294716367,-0.04710190806029632137885699,0.9988812657127115191002531,0.004198483684696465573216173
left000057.jpg,-49.2346365123025293542014,-25.45225060769655200942907,919.1541664460673928260803,-0.8839531384376368983168959,-0.04197765801586850198390266,0.4656873686001745671347862,0.4654958107861659755144501,0.01482535466779041563589736,0.8849259059376125557960791,-0.04405109745263929843517303,0.9990085510577360050632478,0.006435505165956537793059411
left000059.jpg,-49.23466612435399269998015,-25.45228591349438929114513,919.2359479535371065139771,-0.7153569136397263106275091,-0.04703644984426070402294684,0.6971743386656551466629139,0.6962785495874577179620246,0.03601471119841805762495923,0.7168675763079827012447254,-0.05882743825997886061296427,0.9982437142117865924717535,0.006987098426778415305449244
left000061.jpg,-49.23470096832024722743881,-25.45230460054236942823991,919.2861957876011729240417,-0.3903483000456500762176404,-0.0284731999473744959439081,0.9202268641678681415640995,0.9182518610894137012223837,0.06031394682948918589682208,0.3913767333703905837438697,-0.06664626214049372554537598,0.9977732731951713951445981,0.002602122228912612939000226
left000063.jpg,-49.23474302790173595667511,-25.45230694723687037139825,919.3366040168330073356628,0.09126828363977182445587744,0.002558068689773252551988847,0.9958230549078628257575474,0.9916537069084933042617536,0.09121395608794917453376883,-0.09112046855361272124085303,-0.09106605281933763396118309,0.9958280325936622601190606,0.005788222917400342310001449
left000064.jpg,-49.23476694952061905041774,-25.45230084170686168931752,919.3161846790462732315063,0.2815035340112713169169467,0.01222460682290069100552898,0.9594823184025804696517525,0.9543180714756609450688529,0.1008098937638836761765404,-0.2812727924529678791287779,-0.1001637598842058524128973,0.9948306008096754471381473,0.01671217815005502163594464
left000066.jpg,-49.23482802557557391764931,-25.45227752851444336101849,919.3198160063475370407104,0.4060862678810556181119296,0.02717290228845483171515873,0.9134306631702583390008954,0.9075861527892762348201927,0.1046983577805229159718436,-0.406602544437712987157596,-0.1066832615905430603486792,0.9941327312081038591884408,0.01785481551627019977668276
left000068.jpg,-49.23489724063710326618093,-25.45224957381242347764783,919.2834452111274003982544,0.4038048914598330596525955,0.02377241754020406605540927,0.9145362113100865553150243,0.9092761286662933706281819,0.09970487959416185486105633,-0.4040740759102868229213357,-0.1007895404828844376776686,0.99473303410986002592864,0.01864562629254054929028861
left000069.jpg,-49.23493765550718137546937,-25.45223418893754185887701,919.2566823987290263175964,0.3907071501486508169342926,0.02318310502873969364268092,0.9202230525605987754289572,0.9149529822921701471827305,0.09994870978951726769867747,-0.3909875900921605529347858,-0.1010394131880433810088959,0.9947224733827204623537455,0.01783922447805860733716088
left000071.jpg,-49.23501888849693131078311,-25.45220488235320033254538,919.2339921044185757637024,0.3677237548511453901767254,0.01841766722045501750160135,0.9297526712262413894904967,0.9243365795089742986689885,0.1023039109217642461668873,-0.3676082120842265044124986,-0.1018878201740755357063151,0.9945826759723235266363872,0.02059545473901812362438335
left000073.jpg,-49.23509688435269993078691,-25.45217863975931749109805,919.174841254018247127533,0.3772623904587545373701118,0.01661030407905139325008825,0.925957443160185467156964,0.9214753452706898606550112,0.09313201725553510446076189,-0.3771069018463836242105458,-0.09250014488426290537592678,0.9955152058910583523498872,0.01982922177177398603831193
left000074.jpg,-49.23513612332099143031883,-25.45216413207217698300155,919.1911014942452311515808,0.3975735352321735915914758,0.01826899682609627040275058,0.9173884280052586603915188,0.913202100191000787354767,0.08956337340753180165098257,-0.3975428610233222026515421,-0.08942711160345577503516523,0.9958135598086779172177785,0.01892474072297760379068876
left000076.jpg,-49.23520948077879211268737,-25.45213452370429152438192,919.3223828272894024848938,0.4119696287346867880074797,0.01912198652221260702921413,0.9109969125258597921757087,0.9067113525226161430126126,0.09048454007945998245343588,-0.4119309058728379824287913,-0.0903080738738936961151893,0.9957142650570258712861005,0.01993876012028915692408937
left000077.jpg,-49.23524442104819343057898,-25.45212059275741012243088,919.3386275591328740119934,0.4068335457413820299699125,0.01516923371821555198424303,0.9133763520082492926022155,0.9086742645012948482730053,0.09594236437779891935040411,-0.4063325531515153965500531,-0.09379524024451474373265114,0.9952712982227510662980308,0.02524867999468361629000768
left000079.jpg,-49.23531144375066048723966,-25.45209630477779683133122,919.3331203972920775413513,0.3626089995062463655628449,0.003591219018988938554981516,0.9319344486727790810576266,0.9267285248748221571091221,0.1042306264509431090736769,-0.3609850657478511082310035,-0.09843248783006269819750855,0.9945466704260799151171568,0.03446687807131564029727855
left000081.jpg,-49.23537952942110962339939,-25.45207194710849663010777,919.1928370511159300804138,0.3981387694077769268119482,-0.03123193683825889119254349,0.9167933717124006065546382,0.9136422506502628326785498,0.102967917336068345846023,-0.3932625660118125310305004,-0.08211795249020534259720705,0.9941942335986482248699758,0.06953033696173741007307001
left000083.jpg,-49.23544782953393905700068,-25.4520463907460765540236,918.7080446016043424606323,0.3919579818832241158155227,-0.04805533109630697602421279,0.9187271769090401551949299,0.9175061962330145481914201,0.09364990564335648470795093,-0.3865385815762973353848508,-0.0674634739103731340126302,0.9944447598163583812436173,0.0807978920624148194695735
left000084.jpg,-49.23548098866891820080127,-25.45203460677851126092719,918.5310465712100267410278,0.389599270777239270469039,-0.06407403098614930514465016,0.9187529193221807277680568,0.9197148946407359693111516,0.07942952514396493801651644,-0.3844677660238690064531397,-0.04834170855300343183635903,0.9947791056755213023876649,0.08987552573190442373185505
left000086.jpg,-49.23553206756903932728164,-25.45201259526342596473114,918.1462545925751328468323,0.4992558208524282559181984,-0.05309638147887103809541287,0.8648262250989029453762669,0.8648053909576991493679543,0.09209072955750806366292949,-0.49358984318973531113528,-0.05343464340172533744155459,0.9943339840332401369238369,0.09189486972140673004538769
left000088.jpg,-49.23555917369445467102196,-25.451991378947301569724,917.9961113240569829940796,0.7357211759404991280320019,-0.02595295056858975407676482,0.6767871124877552491128085,0.6762839197239771671377184,0.08244868834242333188733198,-0.7320124819382434200321086,-0.0368023259523374973722909,0.99625732526661903154519,0.0782108090809677802823785
left000089.jpg,-49.23556938828551210463047,-25.45197610998657467007433,917.8664737436920404434204,0.8555602373233042179379026,-0.004323822770484677530111739,0.5176852179345491355988429,0.5158810407215758120358373,0.09094646580804245650231366,-0.8518189315699968844342038,-0.04339852687956116672474138,0.9958463962447604567174153,0.08004075806117763591807091
left000091.jpg,-49.23557859261267566353126,-25.45193816157913602182816,917.8210191754624247550964,0.9959867048369442921185168,0.03575652104135538383866688,0.08204849170499478594464904,0.07992137255440967535946584,0.05733262893653558178730378,-0.9951510156093120729181578,-0.04028719395868531061299933,0.9977146089249391280873169,0.05424482593474345276662874
left000093.jpg,-49.23556794702004424379993,-25.45189378216340259086792,917.8353183418512344360352,0.9487659016590226368492722,0.07296842967755665099183204,-0.3074392169511452332919532,-0.3101213599779004681522565,0.02854393955001090221745841,-0.9502683755657782560533064,-0.06056406471332127089413078,0.996925700233150191564846,0.04971058519112214746371592
left000095.jpg,-49.23554547889699506413308,-25.45184058142796246215767,917.950421461835503578186,0.9227029343608080802496829,0.08002792276089805423300305,-0.3771138110710479662834871,-0.3795408491781009363563726,0.01707694175489844062854061,-0.9250173630075634312319721,-0.0675872674926308730780633,0.996646331272470709095046,0.04613081002978393352353947
left000096.jpg,-49.23553346895469928767852,-25.45181315415616651876007,918.0676686242222785949707,0.9193447396707331575882449,0.0817772750852560209589015,-0.3848606590954484207856012,-0.3870054421372830510961194,0.01159423118121455029139177,-0.9220045344570941825423915,-0.07093685499004391548094617,0.9965831882401724461928438,0.04230734594812738530444918
left000100.jpg,-49.23548989603480663390656,-25.45172655326321731195094,918.2938707163557410240173,0.8427668931557882325833475,0.08970045367661778901169356,-0.5307521007125172163298998,-0.5340030838032411297788826,0.01529445336740662894636777,-0.8453441820849193488740525,-0.06771019339190600949685006,0.9958513484985606067922959,0.06078997782882881312227497
left000102.jpg,-49.23546969550806551296773,-25.45170583654283902319548,918.3497473858296871185303,0.6925199156858472537834359,0.08072323570302131212628183,-0.7168681368258053021591536,-0.7193420556535143894905104,0.002287088766966758821008732,-0.6946522699834418723696672,-0.05443503785838152420062386,0.9967339306166951296006573,0.05965147282968019659676884
left000103.jpg,-49.23545332680970432193135,-25.45169602166057387648834,918.4513090858235955238342,0.5405247244328000855162486,0.07633793722925977243143336,-0.8378577096479012942253917,-0.8392079614579801560836358,-0.02173498484280238229882087,-0.5433761016638701812908607,-0.05969103536031859780219833,0.9968450781207001121231315,0.05231510799136717543289521
left000104.jpg,-49.23543267952697277678453,-25.4516888484959267202612,918.5458284867927432060242,0.346132959672417639396258,0.05722054731089784573860868,-0.9364388838540688153599945,-0.93575215809432221725217,-0.05078587539579230286657108,-0.348982368440157231237464,-0.06752683059518671537801993,0.9970690065515649402883014,0.03596558527321061515813483
left000105.jpg,-49.23540655566277024490773,-25.45168505367763245317292,918.6086442917585372924805,0.09971652793122948166271158,0.06037298655139619607545853,-0.9931826199406659227975069,-0.9936067880237612337523956,-0.04706084476829049123569604,-0.1026198211009902300228092,-0.05293547818282844791282216,0.9970658851773835928966605,0.05529426520892979923793575
left000107.jpg,-49.23535452421401714673266,-25.45169356678048089293043,918.6845086347311735153198,-0.3031044870168456140113733,0.05472472390374856499040135,-0.9513847142685830649000422,-0.9522555569088412275036148,-0.05570039026981434687746386,0.3001779819707357521707536,-0.03656534269616286414450457,0.9969466741593797642906338,0.06899496065701658797930662
left000109.jpg,-49.23530653508606746981968,-25.45171157981924991986489,918.6706157838925719261169,-0.4077873122339157330173975,0.05361322994561064370078185,-0.9115015795684822119682167,-0.912574033881521695654726,-0.05705905768169559216795861,0.4049109736987684393660913,-0.03030083606514143504395697,0.9969302310148268064793342,0.07219400129150188583082581
left000111.jpg,-49.23526794891208169246966,-25.45172734752898335841564,918.7574778683483600616455,-0.4098866556326754562178394,0.04743759479587128513600192,-0.9109020826270206594443835,-0.9113954630459895067673415,-0.06154529171147265359520517,0.4069035352603078137256887,-0.03675920936918185277786364,0.9969763546183691982349728,0.06846100246432379465844065
left000112.jpg,-49.2352540330788386313543,-25.45173282562513605853383,918.7781502818688750267029,-0.4029963234345907419076127,0.04746596699068732216897359,-0.9139698820397981204877169,-0.9145942530448529783626554,-0.05726328631864115864535947,0.4002977246217087059498851,-0.03333640045851837124812889,0.997230112871461682466645,0.06648899447909376037024742
left000114.jpg,-49.23522286207970211080465,-25.45174359404545683105425,918.848924942314624786377,-0.3511025400802279539114181,0.05022486312931082053090392,-0.9349890210440195970065247,-0.9358133513066300146476806,-0.05221423869215485735750804,0.3486072930878705844470744,-0.03131098633811889297984266,0.9973721153117529603093772,0.06533364931712780376837912
left000116.jpg,-49.23517791327083159558242,-25.45175872089864199665499,918.9219743013381958007812,-0.3577901160249428724746679,0.05310674364005266850918829,-0.9322906771253310909131073,-0.933453276001078413592893,-0.04762419715387523899696731,0.3555234413766604206763589,-0.02551890275291705117988172,0.9974525600876456010723814,0.06661213085383610454925929
left000118.jpg,-49.23512117248764496935109,-25.45177795237240658821065,918.9775321986526250839233,-0.3680195116353698892019963,0.05791784633394748971202404,-0.9280124795129113257630138,-0.9296284322306689329451501,-0.043075293114191490206899,0.3659719895176070103559596,-0.01877810011723647642956081,0.9973916192745776454486872,0.06969462502103926371255227
left000119.jpg,-49.2350913804383552019317,-25.4517884422060127747045,918.967216166667640209198,-0.3793523045172780272515922,0.04665590630412777550795056,-0.9240752433997843073854028,-0.9250942752804852675652114,-0.03758355954942133037022245,0.3778730711427705224458862,-0.01710002633637170907365821,0.9982037379505928065270837,0.05741852175700644378419923
left000121.jpg,-49.23502445889882750407196,-25.45181388049355675207153,918.9272415479645133018494,-0.4055204594687052965795715,0.05246634530063516710374216,-0.9125790045596521293802539,-0.914061170634927755429544,-0.03062895643910950455035547,0.4044181540991411694108137,-0.006733000059092490718892776,0.9981528688724216058503202,0.06037811749266935867908046
left000123.jpg,-49.23494901291016390132427,-25.45184314164889727294394,918.842754126526415348053,-0.3918997413157438991504478,0.05665099078412919042513352,-0.9182620856813320520117827,-0.9199469270350008054393243,-0.03562411462621054014654476,0.3904210213294842524156536,-0.01059453611594797159400905,0.9977582811985452604375268,0.06607698619196195055636167
left000124.jpg,-49.23490769200448369247169,-25.45185791076449888237221,918.8952987268567085266113,-0.3867405060083108359059167,0.06466192162762068873504973,-0.9199188099521929951052357,-0.9221882233345854995576474,-0.02799737099608577001186305,0.385726623349113451055814,-0.0008134835198222584162763837,0.9975144024567921263724202,0.07045818004910417431396752
left000126.jpg,-49.23482450910259444754047,-25.45189030310584499261495,918.9012429760769009590149,-0.416686393160635992760632,0.06968136784841724717942668,-0.9063757260262180759369244,-0.9090401817675936024798489,-0.03664438301641524675655859,0.4150941304394547004541494,-0.004289252466415715420167132,0.9968960307715745150503039,0.07861237908344639868651882
left000128.jpg,-49.23474433048463794193594,-25.45192169961480033180123,918.9344850685447454452515,-0.396834830741240818241522,0.06153925812116387006334151,-0.9158247850000937884118457,-0.9178896081611511714726248,-0.02564280203422910145438784,0.396006456934229922328683,0.0008856299111252956268725001,0.9977752083579398689749951,0.06666220252834725856772025
left000130.jpg,-49.23466832844145102399125,-25.45194935846241079957508,919.0549578545615077018738,-0.3732947094347446315154571,0.06265075248209131530963134,-0.9255949130810180447426205,-0.9277112497507427057996665,-0.02703996853031827990454516,0.3723179785986640566441963,-0.001702055799716020029199726,0.9976691452156407624585199,0.06821568507863490227194347
left000131.jpg,-49.23463386368555916305922,-25.45196131260451011257828,919.0161323798820376396179,-0.3746762397088766460839793,0.06215064958448079240893591,-0.9250702741704782683385133,-0.9271552006872204598764142,-0.02616438059695468457133138,0.3737628379422144875299239,-0.0009742875636779071979454159,0.9977237703614185715395024,0.06742646972471907917956457
left000133.jpg,-49.23458184012370253412882,-25.45198186234102522007561,918.8592974608764052391052,-0.502110842981960958653076,0.06044238155395159628469059,-0.8626884836788023536158221,-0.8645593324361107168130047,-0.01139121541732585583817094,0.5024016330675512564951646,0.02053928084356600181070718,0.998106687044727935997912,0.05797567782291554450146975
left000135.jpg,-49.23455462294131024236776,-25.45201109667749861387165,918.8535806536674499511719,-0.8576896901620547630784586,0.0112718896976739084425656,-0.5140441030615586770480263,-0.5140494398238040218984679,-0.04023733169715207336203378,0.8568162758460691197370807,-0.01102582452934436352265379,0.9991265693797442004608911,0.04030545314112297938802243
left000137.jpg,-49.2345474963151303882114,-25.45204714682778401879659,918.7817258238792419433594,-0.9996502287173837375533481,-0.008918796918588590277865435,-0.02489729476885602782454399,-0.0247625032804784338258397,-0.01491759388909174970094806,0.9995820545727321926321451,-0.009286477080498463376745377,0.9998489488188129215018307,0.01469152440518896665655468
left000138.jpg,-49.23455352717585498112385,-25.45207277294210612694769,918.8872545026242733001709,-0.9710900870489801439688904,-0.02359256344097895863320957,0.2375445932566936924068557,0.2376015914033312859121594,0.0003978657814347544285915603,0.9713626127587086100945157,-0.02301144493092654660926222,0.9997215775670261761476354,0.005219267102533224622629149
left000140.jpg,-49.23457810973665971232549,-25.4521355917930733880894,919.0119865518063306808472,-0.931831983004746788878947,-0.03658718227440298231822879,0.3610409028665051422990473,0.3610016617427928564687534,0.007903971912627700061038105,0.9325316763772406591925801,-0.03697236357583534582804674,0.9992992071052715363776997,0.00584285977858798460937706
left000142.jpg,-49.23460642510556084516793,-25.45219976960687446876364,919.1916641481220722198486,-0.9177336637041784150881085,-0.04009093714737996250185859,0.3951678621329811624818262,0.3949348350735596979710351,0.01391112334334883987585485,0.9186038083378204044393556,-0.04232491641487476363714393,0.9990991929763387568996791,0.003066601458112445943715585
left000143.jpg,-49.23462139628428957394135,-25.45222999485667614294471,919.2677977774292230606079,-0.9080005016308871912400491,-0.03985277343634617552847743,0.4170693533304606903655554,0.4169990765586600311998211,0.01045737179396604224490552,0.9088467491961382815901516,-0.04058151287571901827400112,0.9991508393754138239728491,0.007123270886595877565694579
left000145.jpg,-49.23464770426995329444253,-25.45227028547094860755351,919.3562579480931162834167,-0.8155578565985504013724494,-0.03960938786247399090445498,0.5773183514609062649824978,0.5769539587555286841435986,0.02124107798822093273738432,0.8165004262596696760212467,-0.04460394620100688323205418,0.9989894458897242701667096,0.005529465095221178932982653
left000147.jpg,-49.2346773529416239512102,-25.45229541758151015073963,919.2323571387678384780884,-0.587778561089495887870271,-0.03846629999259343346551532,0.8081068660074867127107723,0.8068443261459059545614991,0.0453657213238918555209267,0.5890196810760419676711308,-0.05931775863703193929499236,0.9982295803539600331788506,0.004371317494305883982752547
left000149.jpg,-49.23472167405380872651222,-25.45230893491631363190209,919.2709032474085688591003,-0.1796337787549157627431384,-0.01644445529606690728496865,0.9835960987215464079724825,0.9809296432672806043129299,0.072443355010713320063509,0.1803579642663927506962551,-0.07422088984750591089678551,0.9972369528877315092429967,0.00311758006103720827772996
left000150.jpg,-49.23474484686465046934245,-25.45230811968784934151699,919.26489886455237865448,0.07419816643869239780606506,0.0009091573754988271915955522,0.9972431025231527357277628,0.9933343649372360362193035,0.08838906241560028076431621,-0.07398792523128171205737402,-0.08821264950036758478724153,0.9960856123236385695207673,0.005655209100253327791918423
left000152.jpg,-49.23479758794798044618801,-25.45229177438347889506076,919.2005719104781746864319,0.3840403734269757785035893,0.02187289735853107514040872,0.9230571856278527720363059,0.9171873199422079236953209,0.1059606123394521981495586,-0.3841090584324703405272317,-0.1062092826230341402471424,0.9941297324764971632404809,0.02063160902375187413793078
left000154.jpg,-49.23486105825069358843393,-25.45226776580836869356972,919.4083975087851285934448,0.4181633057319401047813301,0.02335882449782220732226179,0.9080714812488145382118887,0.9022267149865819124698874,0.105403052924955276115071,-0.4181831550871231706345554,-0.1054817733253369665957777,0.9941552000327610327801153,0.0230007335527195461155614
left000155.jpg,-49.23489416484164138410051,-25.45225421847317903711883,919.3800166221335530281067,0.4188048082654638459843,0.02265983089483646420458918,0.9077935143178462729096623,0.9022894156576296564864492,0.1022959949418007219446025,-0.4188189821522905198492026,-0.1023540080599763674173985,0.9944958830898620316673941,0.02239632897092275198858147
left000157.jpg,-49.23496135712476728940601,-25.45222756881144476892587,919.3230074718594551086426,0.3947828751673185809778488,0.02896608484925045079450001,0.9183177268261415449046581,0.9124199031259935255278037,0.1049901953166681306539587,-0.3955590717793247002020962,-0.107872155138285880093818,0.9940513190051477598885299,0.01501909883940002674029834
left000158.jpg,-49.23499619157901463495364,-25.4522146538646758529012,919.340138219296932220459,0.3783314993641007650815311,0.02546087127417944601104338,0.92531995581143244855582,0.9190151760586585671930493,0.1093191991293589737654912,-0.3787616914044881211154348,-0.1107988391761598606644057,0.9936805607113762262017076,0.01795996941924596357331723
left000160.jpg,-49.23506681711674559664971,-25.45219112791370008608283,919.3458932479843497276306,0.3602631286610047944840574,0.01490025544168707347103542,0.9327317194751968409960341,0.9282982206294698723780812,0.09293529046034154639244207,-0.3600353390477282200521358,-0.09204831179084670134127322,0.9955606531873506526153506,0.01964927789081898079626143
left000162.jpg,-49.23513545357472054320169,-25.45216661358452014951581,919.4916315926238894462585,0.3970324820503237650548556,0.01997602387239253568518293,0.9175871439090728109988504,0.9131547362359628827732649,0.09191124461900221365162622,-0.3971155383542865346946371,-0.0922693659173416252938793,0.9955668142233528028484102,0.0182505487691788197135434
left000163.jpg,-49.23516955058173749648631,-25.45215380720437536865575,919.5830753976479172706604,0.3996319844401893806029591,0.01674194532520253270169164,0.9165227680091336814882652,0.9120322303044104961244898,0.09324691081068339770787645,-0.3993772959373467767996146,-0.09214926965721867424541358,0.9955022455479407561540484,0.02199525427561161219913721
left000165.jpg,-49.23523671654146482978831,-25.45212818927403475299798,919.6999461818486452102661,0.4006164184375965442441725,0.0133758202249377247672335,0.9161482263867258835077223,0.9119740526319998208393258,0.09061993073625788930325342,-0.4001141780533687963838929,-0.08837314413440106042330058,0.9957957198073638105384475,0.02410543111280899139514666
left000166.jpg,-49.23526862131971171265832,-25.45211579376013588671412,919.7125577339902520179749,0.3967740797989968148939965,0.02299396523111639847880561,0.9176282510704482087149358,0.9123683379467852905264635,0.09986627780778577212483782,-0.3970021945393234497068136,-0.1007687725035880804691502,0.9947351426986824618481364,0.01864538463941508433796557
left000168.jpg,-49.23533048646661569591743,-25.45209338876881588475953,919.6765480460599064826965,0.3809299777544749576740912,-0.009171577930156257774108042,0.9245583995650282771450179,0.9207019130965540254507573,0.09553239392749300618046249,-0.3783933785504549063283264,-0.08485481287658813709384731,0.995384068522674914092363,0.04483544204004046018763319
left000170.jpg,-49.23539381974929085572512,-25.45207008367854584207635,919.4648601515218615531921,0.3979816273896560341327699,-0.03677284337684486037467479,0.9166560872269725601668711,0.9142919465703045478477407,0.09799105869876829910669613,-0.3930241581019901508931014,-0.07537148464084070242918756,0.9945076723711470112476718,0.07261975556251140662133992
left000172.jpg,-49.23545798224025560330119,-25.45204652802285139046035,919.1240492137148976325989,0.3877646788611047168338075,-0.05170787138317166353740362,0.9203069324224207869988845,0.9196596546982545028470213,0.08904007588295018149615601,-0.3824891951507200515969487,-0.06216649699019116681597552,0.9946849556134745862223667,0.08208023957194962583194808
left000174.jpg,-49.23551212719046787924526,-25.45202682081415446191386,918.6916491435840725898743,0.4076116579942359874344504,-0.06875202658055901139277921,0.9105635041600649293158654,0.9121127013328760302357523,0.07829279278513387452242966,-0.4023936613133313744405939,-0.04362518005044671576264648,0.9945568849688641854811522,0.09462265176265063915117537
left000175.jpg,-49.2355309199583501822417,-25.45201819106120666447168,918.5477286204695701599121,0.4731835415027116353847703,-0.05611414820595044677942198,0.8791749191270600283232284,0.8795821618855662604730128,0.08596430480473969681920465,-0.4679159740724306848491665,-0.04932095440748889003668154,0.9947167137786306900792965,0.09003389798168209834372533
left000177.jpg,-49.23555749929612801452095,-25.45199944013303294809702,918.3584302738308906555176,0.686427055143780995294378,-0.02954967759178525610330723,0.726598041919229498120103,0.7257813607012719714361992,0.09019042171873073443499891,-0.681987613002470793865939,-0.04537966973488510163958765,0.9954860643848405521438849,0.08335575079341350779316144
left000179.jpg,-49.2355765283990223224464,-25.45197253328434783270495,918.2432202184572815895081,0.8945647939216764266134874,0.003712381098377005167465725,0.4469228654952097090635732,0.4448337020585009238260454,0.0895320674955447509679729,-0.8911268071396475365375522,-0.0433221304739016682683328,0.9959770213797873861238941,0.07844084328109021675423662
left000180.jpg,-49.23558231122849804251018,-25.45195288910939623860941,918.0646969228982925415039,0.9794318085007079899284577,0.02677501546018437247886901,0.1999910774113175249144803,0.1978614986424072352821923,0.06682723957502682832210184,-0.9779493583032625725337539,-0.03954946083088103914171541,0.997405242916783785211976,0.06015497942895272481811375
left000182.jpg,-49.23557832362151032157271,-25.45190847857029226020131,918.0571022126823663711548,0.9759142977765326021355463,0.07162206569981888204523557,-0.2060620370185349270464314,-0.2091648329312320309103512,0.03884202951246337048862856,-0.9771086784018464532763915,-0.06197867423708781908775478,0.9966752612803445598999019,0.05288730936216329281407411
left000184.jpg,-49.23555914670007638278548,-25.45185923383741766201638,918.1356651317328214645386,0.9205627824629939448541904,0.07704085983906244772256855,-0.3829214925533016011804932,-0.3850720125819248051968202,0.01473113020567624539824969,-0.9227689520833313174819068,-0.06545004713593581546771105,0.9969191038986667807719755,0.04322720916023151116469592
left000185.jpg,-49.23554748005931713805694,-25.45183243566286890313677,918.1828505862504243850708,0.9170248788400667816489431,0.08133936709906097739519737,-0.3904475367424997678256204,-0.3925715329386283425350257,0.01133721490158874460607574,-0.9196515965758395028117889,-0.07037729118527405458571877,0.9966219819561475956604113,0.04232802815184917577528978
left000189.jpg,-49.23550639225539526933062,-25.45174341180887012114908,918.3301597628742456436157,0.8941309260652624546494849,0.08545554240009260726917972,-0.4395762019568191791840661,-0.4427289823456523887301728,0.02130381422716961029029115,-0.8964023626087549434515722,-0.06723790036028289007763448,0.9961141991621643709819978,0.05688204446624997578929595
left000191.jpg,-49.23548929751531488818728,-25.45171849183439150010599,918.4166833022609353065491,0.8268509398562221557327234,0.08453377692106521512638295,-0.5560319809312608274609602,-0.5589426874481934204297318,0.0137250916607496720178716,-0.8290926932539544047529034,-0.0624547468738251426723096,0.996326082373819921222946,0.0585981413917096780052951
left000193.jpg,-49.23546580840731934358701,-25.45169947017253875287679,918.5358640337362885475159,0.5949535559757511693490528,0.08809985009015527945841484,-0.7989171938604784362070177,-0.8004111436206448049190953,-0.02570070263647213082425225,-0.5989002212822128745628447,-0.07329575294449669486951393,0.9957800411225784520397042,0.05522537733882382227079688
left000194.jpg,-49.23544646131571056457688,-25.45169175434222097464954,918.6346883205696940422058,0.3948820173083653628509637,0.06938749017821904674363509,-0.9161078367819169843144778,-0.9160087153589551167698346,-0.04698154921763764146902531,-0.3983977502691842809134926,-0.07068398540626069648240559,0.9964828700182849496869153,0.04500737680879922375520863
left000195.jpg,-49.23542221942236096765555,-25.45168752609450990576079,918.7324512135237455368042,0.1484004987677026154990756,0.05685839060989603815921001,-0.9872914541222108653073519,-0.987135280764783740181656,-0.05155815364656124444309171,-0.1513462727059674550744717,-0.05950822997643747530593927,0.9970500891177985769431302,0.0484756676618416648683052
left000196.jpg,-49.23539486817789168071613,-25.4516887314284119270269,918.8027247730642557144165,-0.09967167423753935107111346,0.05991366004895906649529991,-0.9932149368058375005219318,-0.9942773836037722690051055,-0.04456470203140350944126524,0.097090018986964510272486,-0.03844530932015947921609467,0.9972082734676792625805319,0.06401263561897176102011287
left000198.jpg,-49.2353408181063230131258,-25.45170392265520220576036,918.8962115328758955001831,-0.3428462061839411267882838,0.05194449539043692609663339,-0.9379542890268753874138952,-0.9387537280117356219832914,-0.05573274054211434930250491,0.3400519074725713575269026,-0.03461093829047975217738653,0.9970935919111595380215363,0.06787084735255863310321445
left000200.jpg,-49.2352770885143868895284,-25.45172567134139640643298,919.0470652412623167037964,-0.3754449446805823709105709,0.05306617937714062233078849,-0.9253243075376913484575425,-0.9264040342462707133819322,-0.05226800346333197733184051,0.3728855335705472673346605,-0.02857724349948987177527648,0.9972221600126373042272121,0.06878448032587437810381203
left000201.jpg,-49.23524674654257182737638,-25.45173617149183797891965,919.0721541596576571464539,-0.3880713486762822350684132,0.05232017215146855804164261,-0.9201430475326172198080599,-0.9213225788221299783486984,-0.04778017726410623694510704,0.3858519928847728430731934,-0.0237767552267248438724323,0.9974866687062294845489419,0.06674587376188208243110722
left000203.jpg,-49.23518956556762304899166,-25.45175765947297463753785,919.1500182962045073509216,-0.3859792528174605386048768,0.05344438119442807000325502,-0.9209580416681425463210076,-0.9221812315420080397032621,-0.04890083607728460540764459,0.3836541208205745401293996,-0.0245314611497228392267278,0.9973727519587084477947769,0.06816011344013729600366247
left000205.jpg,-49.23513580271192324744334,-25.45177543667270469995856,919.0703185629099607467651,-0.3559232406554290739641999,0.05633759210130936945226665,-0.93281548147399673265312,-0.9344730957983997665650122,-0.03093047201621787131720076,0.3546876641917633965483958,-0.008870174197424498391262304,0.997932553641317277026701,0.06365483793575218984805986
left000206.jpg,-49.23510718308264699771826,-25.45178591673246160098643,919.1761532155796885490417,-0.3758899372510780545475484,0.05999535379597473877533176,-0.9247201266309047484881489,-0.9266161536739404569473777,-0.03450909264670322385004653,0.3744217224937864130218657,-0.009447688812264071200885951,0.9976019647372376120131321,0.06856428464229397112816855
left000208.jpg,-49.23504580783696837897878,-25.45181007930982275411225,919.1431202180683612823486,-0.4223975381249422400564697,0.05937564687682765629528348,-0.9044638480027525906379537,-0.9063064819326696053281012,-0.04279639433536985837491784,0.4204486049908116029882876,-0.01374338360142256937335148,0.997317903774844305431202,0.07188962524129842435183235
left000210.jpg,-49.23497700812903588030167,-25.45183823116662225061191,919.1711646327748894691467,-0.4039758720737843811221524,0.05680440442208238571719647,-0.9130042466607030116065857,-0.9146214118584600205608126,-0.04304830527618271063250432,0.4020130798654275583459139,-0.01646717195705848374442937,0.9974568176372855532463291,0.06934500123754820666288623
left000211.jpg,-49.23494027134884021279504,-25.45185139504556204315122,919.1749123791232705116272,-0.3866760544777152475148796,0.05976806704696750738303734,-0.9202768100169732568005543,-0.9222073161777053496024337,-0.02929175944550596599746939,0.3855848270055513005161174,-0.003910867149533592268539905,0.9977824266793117180540662,0.06644497067561143388569889
left000213.jpg,-49.23486524465022284857696,-25.45187836149984406119984,919.2248841067776083946228,-0.3981938865238995872708472,0.06496490951896617682681523,-0.9149979176294252836143528,-0.9172851184405955704548319,-0.02228009702317013812633562,0.3976073550175612814072679,0.005444283462009142163240405,0.9976387912505358945836065,0.06846314314837288750315025
left000215.jpg,-49.2347948566204465237206,-25.45190697395221590682013,919.2148543801158666610718,-0.4260413208915869165416268,0.06290926792283389745730204,-0.9025138319728763791616188,-0.9047027561703318010444264,-0.03106946635929018832311677,0.4249089446433841343875315,-0.001309912499896034171475989,0.9975355193022261701685238,0.07015106456555419978116106
left000217.jpg,-49.23472921921862877070453,-25.4519301267108275510509,918.8661614814773201942444,-0.3885777009433577511288149,0.06338153614602758112450687,-0.9192334584888348647524481,-0.921401825983533817598925,-0.0212031190867018812240552,0.3880323476402522953065954,0.005103469778968984169043033,0.9977641046944737412971449,0.06663892240612967476920403
left000218.jpg,-49.23469778107294558822105,-25.45194115785813693264572,918.7390540288761258125305,-0.39264779562308171900753,0.06448446669184339230529446,-0.9174254531828748282507036,-0.9196729662334948152135894,-0.02165469951493033395895083,0.3920876294506158155073194,0.005416989165568184688703823,0.9976837312216666475706006,0.06780729078789010655370362
left000220.jpg,-49.2346383532483855560713,-25.4519627037498779031921,918.6519427234306931495667,-0.3916005538376256533972253,0.05647551582368684486290533,-0.9184005239254350305699859,-0.9201113471505171226283437,-0.03123960391631709979098908,0.3904090111562649179077766,-0.006641918316703028513092733,0.9979151282847655846097723,0.06419720914085048912856024
left000221.jpg,-49.23461147260105974510225,-25.45197233802835867777503,918.6391922589391469955444,-0.3975039631210888768642064,0.06338650806012936789191059,-0.9154085153083136860985292,-0.9175423163242275581552576,-0.01622714926405990562563453,0.3973069057808247817042968,0.01032942677012182834672682,0.9978571191421672370580609,0.06461015957181635849249091
left000223.jpg,-49.2345735458223288105728,-25.45199362706816259560583,918.5890687117353081703186,-0.6504781056501119929080801,0.0426214289662689566062781,-0.7583281927125719024118666,-0.7595241251540990612411974,-0.0380223201170309457741503,0.6493669274622929643570046,-0.001156450925208486052442325,0.9983675259972106807992986,0.05710469031057122807348847
left000225.jpg,-49.23455253320257440918795,-25.45202839148463525020816,918.6071918075904250144958,-0.9454151084223678669360424,-0.006609087396143617509913781,-0.3258014621368552909963512,-0.3256082443574392359941783,-0.02079024561103085672053581,0.9452761696424487602996578,-0.01302090523691695755914566,0.9997620145070643671303401,0.01750343896461691028942909
left000227.jpg,-49.23455489099489312820879,-25.45207524467234350140643,918.8367845015600323677063,-0.9749821717383051478122979,-0.0238293324901713600427744,0.2210020988713241318901481,0.2212271609875199329664497,-0.00722994035505256267548635,0.9751955040933405483016827,-0.02164042591677938984218166,0.9996898973559427137303146,0.01232075852393557484354414
left000229.jpg,-49.23457529791083686632192,-25.45212224253486965608317,919.0071281157433986663818,-0.9208567258450626180632526,-0.03762230606104662727906529,0.3880817601389690563173929,0.3879955501393498873419219,0.009864362944711622949167662,0.9216084566754791929099611,-0.03850121475972706486246011,0.9992433419494692881102083,0.005513622373852139491035018
left000230.jpg,-49.23458775095357964346476,-25.45214981709809975995995,919.1187298391014337539673,-0.9220122938912136412170639,-0.03693151479645373491678129,0.3853951130052151174965047,0.3850030707762878146027674,0.01748256616559949044864553,0.9227496926973718371911559,-0.04081623949228835313007835,0.9991648628204979898370652,-0.001900394328394908183277323
left000232.jpg,-49.23461206856377003759917,-25.45220724429856673509676,919.3808145103976130485535,-0.9283536084368047003323454,-0.03961447997147753141700122,0.3695812098564447145676581,0.3694810794268291176400965,0.01008881187051387934294766,0.9291834844747440813605976,-0.04053775583267101717543923,0.999164105065644903014288,0.005270815915962148018314437
left000234.jpg,-49.2346344681511780549954,-25.45225127460603431472919,919.5408378560096025466919,-0.8770954571855793524548517,-0.03520719481330110423034085,0.479024020710650255683305,0.478764164375484635449709,0.0160230909795892086100455,0.8777973202655062756605275,-0.03858022672643672545955695,0.9992515769258699664945311,0.002802162896525850488416154
left000235.jpg,-49.23464782748735757422764,-25.45226924077086749775845,919.6158651271834969520569,-0.8152598563735414805009327,-0.03640482330847157055320196,0.5779498727620515641234533,0.5775305389508385012220515,0.02220517017731309800110395,0.8160670358472705832042493,-0.04254225152652583996637503,0.9990903959388635069416296,0.002921913376245102722528202
left000237.jpg,-49.23468706049300180893624,-25.45229985878674128230159,919.7234605597332119941711,-0.5310677515355112232597889,-0.04241932848255090815481338,0.8462668868921352505196865,0.8445943432994034161254149,0.05368061189177184000520526,0.5327089141112379966358503,-0.06802527872538233211230363,0.9976567508306726228539674,0.00731908302450796216520601
left000239.jpg,-49.23473171327493247417806,-25.45231088073160563567399,919.7055833172053098678589,-0.08505371194083193031598711,-0.008751688481724341495127106,0.9963379316445826194836854,0.9931479543352798033950535,0.07968737844689614824300605,0.0854813577097990329178856,-0.08014366403363069879528524,0.9967814854144212421971361,0.00191401418086154309627922
left000241.jpg,-49.23477744996228722129672,-25.45230163004952217420396,919.6117645986378192901611,0.3238556993355941604484372,0.01604041060946765490102806,0.9459705023071983687188435,0.9404107329498185841032409,0.1040901436714679328954247,-0.3237173077597779724534632,-0.1036587640319851788550665,0.9944385085151984382534351,0.01862561197459990450231437
left000242.jpg,-49.23480449957310867148408,-25.45229175048965686301017,919.6284787729382514953613,0.375431512599462002821582,0.02305729583829593809518599,0.9265632954396074705272213,0.9204565212429656195780581,0.1079440307090136219603238,-0.3756432865573264279213106,-0.1086782952045999561807577,0.9938895549018093023008191,0.01930235240857978290529573
left000244.jpg,-49.23487277156480956818996,-25.45226583464759784192211,919.5203280616551637649536,0.3922483620540979099011736,0.02175322110687102558634898,0.9196020986477539960191052,0.9142851988491230708078206,0.1006714340753912945158888,-0.3923618706329959904266502,-0.1011127965753937790749362,0.9946818887125065122845058,0.01959955703640467450377116
left000246.jpg,-49.23495592023965627959114,-25.45223521347856276975108,919.4304284779354929924011,0.3911696704670252766611327,0.02496728546280022748016236,0.9199798495420091759555703,0.9149352350032085023912032,0.09741333909600967400077565,-0.3916684275197447329119882,-0.09939720648158330285060202,0.994930789564170914296426,0.01526169456097914434167251
left000248.jpg,-49.23503772296869129831975,-25.45220450514002408226588,919.477268824353814125061,0.3869768488205279632907718,0.01843164535218077410005932,0.9219051973638862085280721,0.9170092490201752211120834,0.0971124134295394125793166,-0.3868633045008852966439861,-0.0966589658975759158376917,0.9951027352025025862758412,0.02067826646770986459555886
left000249.jpg,-49.23507575696973503909248,-25.45219070521673287998965,919.4955343296751379966736,0.3842883435291186700055732,0.01419726658884909280267106,0.9231039522443025280296069,0.9186030508667313299042689,0.09391829748710511793774458,-0.383859073535402328669619,-0.09214610119793359421791479,0.995478674316295442103808,0.02305005456590925733140196
left000251.jpg,-49.23514741556841300962333,-25.45216331691576172602254,919.5018164822831749916077,0.4107478756395635532960853,0.01814548866021681999827209,0.9115683868470141337780888,0.9069869844613449583192732,0.09391911274012729182736336,-0.4105530541596584814811877,-0.09306337988329219101935053,0.995414457150080256297997,0.02211935399845214172964702
left000252.jpg,-49.23518294246883897358202,-25.45214890255309114763804,919.5119596915319561958313,0.4076377172464754061742553,0.01955084162427880856149898,0.9129344204650545746559942,0.9079811768534116200868311,0.09748235223929548054488947,-0.4075136482153551842344541,-0.09696222954314209774295819,0.9950452027891375506030158,0.02198568735215571806618229
left000254.jpg,-49.23525601166996779056717,-25.45211968594719564862316,919.3505430398508906364441,0.395214899420203047419875,0.02073541661618468270877891,0.9183546296360856064922018,0.9141131888821404372080792,0.08969002260502742518433195,-0.3954146908712853347722671,-0.09056633584286809257601902,0.9957538563032851675060897,0.01649231545702110890427861
left000255.jpg,-49.23529316555305257452346,-25.4521054857932469417392,919.3562841601669788360596,0.3861970142822802598558951,0.0165377087788187784878069,0.9222680577509985155870709,0.9152713318480435455981592,0.1173348345811398713012252,-0.3853711531639668619320105,-0.1145873258984656251069367,0.9929547022811078260673412,0.03017787204683676852146057
left000257.jpg,-49.2353697779765511199912,-25.45207796548200107622506,919.0310536185279488563538,0.3745135462188041164388608,-0.02455949894024314281160137,0.926896129407400182209642,0.9229366499747785335117101,0.1058656253765626747975759,-0.3701086455312311840337713,-0.08903675551113075792297735,0.9940771098739942246425016,0.06231497245941480106479204
left000259.jpg,-49.23544439566928332396856,-25.4520515910350866306544,918.602167822420597076416,0.3820394493991859929948873,-0.04746626639364158461997789,0.9229262227596607415236463,0.9213651010801860996579649,0.0969806721645062042025387,-0.3764054990804717171215543,-0.07163944175009541448506667,0.9941537621420380999026634,0.08078420392976727593126185
left000261.jpg,-49.23550831403267835639781,-25.45202883742767596686463,918.1482033804059028625488,0.4005595492947847668929739,-0.07352139224346350421246399,0.9133162937073563414358546,0.9156671809163079434057408,0.06829266057395200206769914,-0.3960930778295841392377952,-0.03325148510278669311546196,0.9949526206781476034279876,0.094676403312258128330825
left000262.jpg,-49.23553256587656790088658,-25.45201737024130039799275,917.9071011394262313842773,0.484531936632864201897064,-0.05706353778248706570819238,0.8729103934760732430575558,0.8737172744608641128394311,0.08059236458633974031773306,-0.4797113664267939614482827,-0.04297588499944511586381424,0.9951123672360469019082529,0.08890697319325005509860205
left000264.jpg,-49.23556518970043782701396,-25.45199539985151560017584,917.6742191016674041748047,0.6661697794695341512394293,-0.03498742700628953983255087,0.7449789962629762563040003,0.7448380940736716304684251,0.08193148165512587066672268,-0.6621959271473181196654423,-0.03786870130084516589130672,0.9960236504547846925206045,0.08064024551371368199070844
left000266.jpg,-49.23558506963248504462172,-25.45196410031365275017379,917.6047161268070340156555,0.9182933960913121085312127,0.00588622942247466959808655,0.3958567809173805795985857,0.3939530193784012701563313,0.08546992939465679339772208,-0.9151480261093906110048124,-0.03922062235260943136028189,0.9963233629060690432766023,0.07616757387376585364258119
left000267.jpg,-49.23558919259023269887621,-25.45194478636890877965016,917.5566320382058620452881,0.9868358170811162288771357,0.02769501197642410331156704,0.1593362998110338102364381,0.1573716815813766545240071,0.06261859916783635293668908,-0.9855521624320594531454276,-0.03727229483269976773041066,0.9976531949279187072576747,0.05743586586812024497028517
left000269.jpg,-49.23558040034996707845494,-25.45189986312436758453259,917.5003520520403981208801,0.9495673360201642987377113,0.07221207090950296225706495,-0.3051348737501651253722912,-0.3078824456066151515898355,0.03032530850912036265998317,-0.9509409946737583663178839,-0.05941610935476937527255359,0.9969281781947925136222466,0.05102875140893096961303144
left000271.jpg,-49.23555568265407345052154,-25.45184423754344393842075,917.3979796012863516807556,0.9050387887530561004112428,0.07958290159299058474928756,-0.4178173675500356232248578,-0.4204576123124860731472552,0.01915134690366634973024418,-0.9071100386172884499913494,-0.06418868358896603898422484,0.9966442633587048183230195,0.05079394858937204271231991
left000273.jpg,-49.23552798295432353370416,-25.45178537117482164831017,917.3824108950793743133545,0.9059615843564885473426784,0.08831889365856654405817494,-0.4140451433034909589636641,-0.4169696482597984865670071,0.0168611871479507173521295,-0.9087640028071437559020751,-0.07327973867571711819035585,0.9959495335562383866445657,0.05210188584619558638255654
left000276.jpg,-49.23549446930345396822304,-25.45171817269039493680793,917.454112897627055644989,0.862868012675665707611472,0.0865784292674790234567439,-0.4979588017966182222906468,-0.5011897880556467343993177,0.01922703140207187785803988,-0.8651237585526130313695603,-0.06532678661838142719631151,0.9960594845936862062885098,0.05998261499031670024306706
left000278.jpg,-49.23547452969992832549906,-25.45169632500274659037132,917.3894547717645764350891,0.6916566284182813495462483,0.08003355069796919130098445,-0.7177783356494755739873881,-0.7196536260328115774953517,-0.007441144012374750760230313,-0.6942933730877843823137141,-0.06090785583881563186592345,0.9967643955009943823597496,0.05244971838490013887890129
left000280.jpg,-49.23543476087681369790516,-25.45168140599166051174507,917.433360097929835319519,0.2378808408673619423367995,0.04971403783396161069063623,-0.9700212471850706563714084,-0.9691619463100200615457425,-0.05399143834476302639124867,-0.2404371984740250878243017,-0.06432594634213226192365198,0.9973030828327499319740923,0.03533742491300141674859248
left000281.jpg,-49.23540639908558347315193,-25.45168045264492207024887,917.5010284669697284698486,-0.004544534710341453440096693,0.06067125094103344162821401,-0.9981474572995296945521204,-0.9987924898355132752314489,-0.04910315598977595119567496,0.001562792379047592706414749,-0.04891737372797903826704413,0.9969492862633952956485928,0.06082114078561264014499699
left000282.jpg,-49.23537958697968974774994,-25.45168414333751982780996,917.5018016006797552108765,-0.1694755075308599645556029,0.06098052974185612373769771,-0.9836459867958390335118679,-0.9848565006678547950613734,-0.04749214777428031886152837,0.1667398242533969232592739,-0.03654757775044949197340571,0.9970084607926796849142193,0.06810582697821299102969306
left000284.jpg,-49.23531914821573707286007,-25.45170181234739814613022,917.5355367418378591537476,-0.348348042503720978224635,0.0548602169540423345583946,-0.9357585147245958134831767,-0.937098657713334448615683,-0.04418951492393022317806128,0.3462562526260786754939147,-0.02235502171085703912445375,0.9975157358992104983386184,0.06680276669243531695308036
left000286.jpg,-49.2352481492496636406031,-25.45172761202713829220556,917.6038221102207899093628,-0.3824111284667676136095338,0.05292330452109061944554469,-0.9224753940693167786335493,-0.9237644719202248166922686,-0.04406568198598891095141283,0.3804174234824927447462528,-0.02051656020686560069621329,0.9976258514642037944497588,0.06573987562811808849083661
left000288.jpg,-49.2351756746679996012972,-25.4517550592496277772625,917.7406935943290591239929,-0.3962721213377918272335876,0.05679571519624505154810734,-0.9163747337120298208645863,-0.9180476994912959431971444,-0.03812470312579321896073736,0.3946326500307722473515071,-0.01252307107646172257275907,0.9976576335331260869665471,0.06724893265990697366341067
left000289.jpg,-49.23513932954849536827169,-25.45176876113489328190553,917.7478400655090808868408,-0.4018001852405104212806464,0.05433156086696143416414628,-0.9141141573318137814041506,-0.9156234532448332963383564,-0.03887476621067240817319899,0.4001530262537980608961163,-0.01379503565413310248177758,0.997765921469472183424898,0.06536713964581863933744899
left000291.jpg,-49.2350626033601344033741,-25.45179796228653046341606,918.042689302004873752594,-0.4000773844943701362808497,0.04688836586835920527960297,-0.9152811412688121039948896,-0.9160979481691633452555834,-0.0493449105988012781676133,0.397906558325249903873555,-0.02650727780050446402704267,0.9976805906422110403752868,0.06269611853548559543547469
left000293.jpg,-49.23498357315656193122777,-25.45182801279629813961947,918.2097329720854759216309,-0.4003609635898581209367819,0.05742620910365128089614117,-0.91455635656933920163425,-0.9162973567566722321586781,-0.03652417167651782897719315,0.3988297116365333572218788,-0.01050013495800071472441317,0.9976814197885655044473197,0.06724233617696342979463964
left000294.jpg,-49.2349429099983382229766,-25.4518454928133515124955,918.3184530604630708694458,-0.3959139121311877618225594,0.05927529007910138647563514,-0.9163725302337564215804377,-0.9182735294758188615560357,-0.03108619483467894156758504,0.3947244273600548636338203,-0.005089130082919758601978089,0.9977575299022998223108516,0.06673838684190927517114744
left000296.jpg,-49.23486331391819703640067,-25.45187501397638385469691,918.3303635977208614349365,-0.3981734414839891988968645,0.06386889818038046784387518,-0.915083971197190537694155,-0.9173099777708481061821999,-0.02711280234454031823343456,0.3972496703976888254850053,0.0005614079110931487204272372,0.9975899256679822135751579,0.06938317538789390281905867
left000298.jpg,-49.23478917094802653764418,-25.45190393068915568619559,918.3602637667208909988403,-0.4163433013106409008585729,0.06176173523782216984168159,-0.9071073494984870366764085,-0.9092072827125955436500249,-0.02761212164810020880389985,0.4154271149076201319338963,0.0006103409992989153320941398,0.9977089048407374871629827,0.06765034135435586681861508
left000300.jpg,-49.23471980741299347528184,-25.45193059271485935823875,918.3660468636080622673035,-0.3979143381500166998243628,0.06399323595706433998042684,-0.9151879835565903675842492,-0.9174028445934890863000533,-0.02121298474509801523790742,0.3973940487853067637935567,0.006016662397768350253879355,0.9977248493597560274892544,0.06714852748678501459522749
left000301.jpg,-49.23468656319181491198833,-25.45194289991979275100675,918.4033262496814131736755,-0.3887757062201975810644683,0.06592485043765573815566228,-0.9189708180066218368153841,-0.9213067456157431056595897,-0.02036959289952833263015464,0.3883026656720712233017423,0.006879733709632933000288624,0.9976166567273623275724503,0.06865621227685303473720069
left000303.jpg,-49.23462649962818460380731,-25.45196310416899265760549,918.1458253785967826843262,-0.3905516695736145349471258,0.06286475595246508729641022,-0.9184320420435578835594015,-0.9205800019110849108372463,-0.02519459191865454361636267,0.389740545259842974257225,0.001361423758236713493774417,0.9977039916714223188876076,0.0677118270929163990068389
left000304.jpg,-49.23460344201276228659481,-25.45197193172338145927824,918.101489392109215259552,-0.4286343809559610140702546,0.06158394855440989246186945,-0.9013767163306072305317684,-0.9033625221529304472056765,-0.01325991643409071656101172,0.4286727518581717188972391,0.01444718076293215539007697,0.9980138234997592006081391,0.06131628716250206445614879
left000306.jpg,-49.23457135569950793296812,-25.45199261816626190579882,918.1508128298446536064148,-0.6764594446596513543923379,0.04025937698088938310192475,-0.7353786795222354566448075,-0.7364726672296703080533575,-0.03255764714916441898706623,0.6756833652205190832162884,0.003260391751225444334494341,0.9986586915344104475877884,0.05167385865606879957745434
left000308.jpg,-49.23455253541471421385722,-25.45202561807126429016535,918.2365683363750576972961,-0.9445114536155787554605467,-0.009571895668002320528566784,-0.3283389906823552806258704,-0.328120845345125089487226,-0.01913844148633426361927334,0.9444418621108844336120569,-0.01532399552947556406468088,0.9997710232202148272762088,0.01493573869005385482133796
left000309.jpg,-49.23455030395304987678173,-25.45204802183548054017592,918.2054689116775989532471,-0.9991366282685765209947704,-0.005883002204842301130494064,-0.04112649191407061199932116,-0.04100928242172553750410913,-0.01882157702115608982618156,0.9989814748000546140715983,-0.006651075654015996957424406,0.9998055503564152735052062,0.01856406930470899663276896
left000311.jpg,-49.23456711842072053286756,-25.45210250234795168466917,918.2760904524475336074829,-0.9376212876967287002116791,-0.03235969148104048814795775,0.3461490592579735681155739,0.3461022197533921707091054,0.007216588859398597767536021,0.9381690542365003215863339,-0.03285687659688509704158932,0.9994502344851824426896769,0.004433333712995677494683733
left000313.jpg,-49.23459408141989968044072,-25.45216338092291863404171,918.5124704753980040550232,-0.9175555027405724040079349,-0.03830365038215009787503362,0.3957584234831867386894544,0.3954586012987468812696079,0.0154336379965299662353484,0.9183541242228026035832045,-0.04128430754335278562994205,0.9991469527479897028143796,0.0009862885337390582540795236
left000315.jpg,-49.23462247746326880815104,-25.45222114819696201948318,918.7229559011757373809814,-0.9002903984694230477003885,-0.04406967654970836423267144,0.4330531861475815369466602,0.4328549618483400474033829,0.01444108404898497219348563,0.901347900144423896939827,-0.0459758678769615208858923,0.9989240805488144303581066,0.006074608848801447968934752
left000317.jpg,-49.23464959896991643972797,-25.45226743612346709255689,918.9071667063981294631958,-0.8383003841106605458222134,-0.04193306793595332621071847,0.5435936752882596367797419,0.5434420950967012720056459,0.01593020662876239168515013,0.8392954889630189763138901,-0.04385379432645586383898717,0.9989934165600110604898987,0.009433895957092847117664292
left000318.jpg,-49.23466435407291896808601,-25.45228323875785036989328,918.9687668252736330032349,-0.7379722470689946689503813,-0.04012795577219241405231287,0.673636927225255366380452,0.6728995885462012438438251,0.03171431280683133235864801,0.7390536828252356471580242,-0.05102064572594133817773354,0.998691118178556380691191,0.003597802242001867101262036
left000320.jpg,-49.23470450288213129397263,-25.45230542295404418950966,918.9965028241276741027832,-0.3705600220873714878422334,-0.02692401967705756668514105,0.9284182070570549116794723,0.9263713667299152687562014,0.06165105238066265896934581,0.3715309390122251698151956,-0.06724106582703631707076397,0.9977345563348928303426533,0.002096225574210699993393803
left000322.jpg,-49.23475352182322950511661,-25.45230576499033148252238,919.0614659767597913742065,0.1859482183611076144824636,0.006733691497527987540605565,0.9825364713267117355854907,0.9785076601330769952014066,0.08945147278086901243554507,-0.1857987973002633574903797,-0.08914044620272407182248742,0.9959684188849310393365499,0.01004437328207549370850948
left000324.jpg,-49.23480610818525349259289,-25.45228820521953849720376,919.1174220107495784759521,0.3856994393876831961343044,0.02218031569265330876783437,0.9223578351441492628737251,0.9161044372364147703180492,0.1094338540481416821581462,-0.3857160764914033257433346,-0.1094924770556355009265559,0.9937465799608793393105088,0.02188909053105733693023183
left000325.jpg,-49.23483399490048384450347,-25.45227760746205447617285,919.1441393718123435974121,0.3966142795142995058910174,0.02578226408610623590633715,0.9176232277704983175681264,0.9118275154518503677891772,0.1045229161996436839654478,-0.3970460200707575659784254,-0.1061494010829040213206298,0.9941882290832640967082057,0.01794630329689727785136277
left000327.jpg,-49.23488808622429502293016,-25.45225577341766509675836,919.1698523256927728652954,0.4269015468598489904117343,0.02318989141551431806820283,0.9040007180444077361514132,0.8981655436432426364845583,0.1053518284566535845314661,-0.4268485076146786294515323,-0.1051366991145648993599693,0.9941645845517612656294659,0.02414649710241551297529305
left000328.jpg,-49.23491568936959339453097,-25.4522443268107991798388,919.1648311307653784751892,0.4219322058049683743519154,0.02354498925461237165968065,0.9063216025151086263633715,0.9008501803533573992766037,0.1017853304246927603760042,-0.4220292632835549451186807,-0.10218691825218062518843,0.9945277170553549206388766,0.02173600116824259825820675
left000330.jpg,-49.23497438135026982308773,-25.45222159177946963382055,919.2120444634929299354553,0.3885657741070630555313414,0.02844571543479137293308767,0.9209818024619066401115219,0.9146108714284548746320525,0.1093906369765065694776851,-0.3892565251948347238020176,-0.1118194663619070383653309,0.9935917319579894435577216,0.01648869695462039375311036
left000332.jpg,-49.23503845796237499143899,-25.45219902943130563244267,919.2152518844231963157654,0.3661441937734773999224558,0.02212491074108541982967679,0.9302950702280808892297159,0.9249942991840179873364036,0.1005050297507810441732801,-0.3664482029862646816908978,-0.1016069674925803995035878,0.9946905183621154167283862,0.01633391678281958386831363
left000333.jpg,-49.23507147966367369917862,-25.45218778251094704501156,919.2343073254451155662537,0.3583942060608625856943377,0.0165314166438524541569155,0.9334239686904080013363227,0.9284485743630547238680606,0.09827771795645885710701606,-0.3582244197657142859014812,-0.09765673466390362156275273,0.9950217095204598738433788,0.01987359448529179423159619
left000335.jpg,-49.23513566040188749184381,-25.45216658548014621032962,919.3141881888732314109802,0.3708978495384123719169622,0.01807678623512527782413173,0.9284977194410284351278051,0.9242238965820335216960757,0.09057231153130683443119864,-0.370953966646265509421454,-0.0908018402594571172325999,0.9957258087361626763822642,0.01688607776277668143238841
left000337.jpg,-49.23520253165271043371831,-25.45213838876500034302808,918.8459090767428278923035,0.3933185192290549747617945,0.01517035676777948698112919,0.9192771087691685716336565,0.9155323456418409389101498,0.08518000138807838017562801,-0.3931219803662423517565117,-0.08426782609639836552073433,0.996250082880330234402777,0.01961391969805896529077671
left000338.jpg,-49.23523518158200573680006,-25.45212652237091077722653,918.9530314793810248374939,0.4016067603656316431504081,0.01370808794951127937422619,0.9157096146450526275017978,0.9117526662621798783092686,0.08805692447290613955601657,-0.4011895482389583045268466,-0.08613411398759762693799757,0.9960211174353389429469985,0.02286587042800135999298661
left000340.jpg,-49.23529720973469636646769,-25.45210169207945227753953,918.8863570448011159896851,0.4051271045517271240932189,0.01072780626191909003619429,0.9141974312643526001664895,0.908219538288036698503447,0.1100349304391714105877398,-0.4037692216540438860938877,-0.1049252087412727157955672,0.9938698246028266902740711,0.03483492951832832529301953
left000342.jpg,-49.23535841676685009815628,-25.45207869925096488827876,918.6754436232149600982666,0.3901576266995361863543224,-0.02132609568311377365446013,0.9205010722270237089048806,0.9163342454019286487110207,0.1067655041808551058535315,-0.3859179677349658943441568,-0.09004763756958726605983401,0.9940554938029981801861368,0.06119720751973696526437863
left000344.jpg,-49.23542536292663385211199,-25.4520535832555481192685,918.2376016173511743545532,0.3892177882230180574474332,-0.04553956913466816747160237,0.9200193807598897599575594,0.9182066824051875464363093,0.09890276897641361864010889,-0.3835553814969322461436718,-0.07352551745646501712982968,0.9940545206032850300559289,0.08030945368343699042323891
left000346.jpg,-49.23549259704942215876144,-25.45202956601193733376931,917.7758679799735546112061,0.3878129547442427105252705,-0.06718274257280097694344789,0.9192864576577514101884958,0.9203786640013646991320684,0.08237162154379136513870918,-0.3822538826687175150809139,-0.05004225198373073169033631,0.9943346494338027863335583,0.09377834479107430287747604
left000348.jpg,-49.23554143278765593549906,-25.45200711349190569876555,917.2463111886754631996155,0.5236356175818686065071006,-0.0514188905471050228257468,0.8503892271745684405814814,0.8505192777614217769510674,0.08922079162055322754110165,-0.5183209512442953359467879,-0.04922091177380367998939192,0.9946837427230358352758799,0.0904519419727887741267125
left000349.jpg,-49.23555581763137212192305,-25.4519970909596651154061,917.1512971846386790275574,0.613372744833677652209758,-0.04743832462571921648741835,0.7883676054049314485538957,0.7887306775068262387762275,0.08856130570616016495222311,-0.6083262393578326987508831,-0.04096088689009963479392695,0.9949404507247279205728319,0.09173715308887388231173787
left000351.jpg,-49.23557739913076858329077,-25.45197252507364993334704,916.989517904818058013916,0.845819602985796392680129,-0.01355503929987459874051403,0.5332967842716934692148811,0.5322796590536293948048296,0.08816055147162898952828414,-0.8419656060207987291477139,-0.03560286172068419935365924,0.9960140451187406984701056,0.0817829943417375943015557
left000353.jpg,-49.23558582333054545188133,-25.45193636055993735567426,916.8959568673744797706604,0.9982585649239347214134455,0.0356688854265912180796505,0.04698476528015511910485458,0.04494477644972458274530425,0.05598735516479070445372557,-0.9974193617187989691075245,-0.03820738967648608375160535,0.997794140428814313459327,0.0542867267389814042721774
left000355.jpg,-49.2355744928905210144876,-25.45189659656234937301633,916.8218188220635056495667,0.9397043658071064786696525,0.07783803483205148365797754,-0.3330119295408929258606179,-0.3360964225083925560610965,0.03023019718419320267521755,-0.9413423022234079784453797,-0.06320521861463926360791277,0.9965075892895596254561497,0.05456853331533192963398449
left000357.jpg,-49.23555623205374587314509,-25.4518520111431065799934,916.8369798185303807258606,0.9257462717158032594610972,0.08026446049625959866524738,-0.3695286954832260328807081,-0.3717387675764215471119201,0.01405070518749516710055314,-0.9282310414786275609699828,-0.06931182500160870674221769,0.9966745677827736349385646,0.04284479956736741979028693
left000358.jpg,-49.23554478509282006370995,-25.4518258542281330392143,916.9217399982735514640808,0.9219522592359017387764197,0.08079875143500053757961155,-0.3787817227063126623853861,-0.3807863995059492800976386,0.01044277161834042573496095,-0.9246040592990183437649421,-0.07075132253967010564910112,0.9966757297574131424511279,0.04039480252972323104376784
left000360.jpg,-49.23552102487565207411535,-25.45177120657179159479711,916.9809771487489342689514,0.9133969067374297923223025,0.08867554381417792896957764,-0.3972942721607685689910738,-0.4003913597330011620023527,0.01963943079987572407074659,-0.916133752139399959446564,-0.07343602531219604878653939,0.9958669292064663558505799,0.05344351690551209232982188
left000364.jpg,-49.23547860789506813716798,-25.45170094326629950387542,916.8857889380306005477905,0.7546138416784808899961945,0.08174156744268035179601384,-0.6510578054975291184547359,-0.6541821595251263721237933,0.01656282128876918058324463,-0.7561556553448495199276636,-0.05102599441742131092247803,0.9965159251627492276170983,0.06597240931437345357046809
left000365.jpg,-49.23546734680301284470261,-25.45169331209837437768329,916.9696441050618886947632,0.6327858080155389641774377,0.08888127175853803574323564,-0.7692088407608863587228143,-0.7707404438454653616830115,-0.02320145021539870774929248,-0.6367266767843152708294951,-0.07443983741933578313076936,0.995771967991912809736732,0.05382284242304144483703965
left000366.jpg,-49.23545168677171801618897,-25.45168552699568920161255,917.0158818988129496574402,0.4493615576868491001683026,0.07557145586895201716526316,-0.890147822291947221629016,-0.8899263477456136328669345,-0.04928358571601017257268751,-0.4534338140976319486696866,-0.07813632997141466141055588,0.9959217254567850341473445,0.0451068808695354317439552
left000367.jpg,-49.2354307759290108492678,-25.45168035368672221352426,917.0757382726296782493591,0.2189046473947903748147326,0.05631478460818750697569612,-0.9741198080233745004719026,-0.9733634252356453409049664,-0.05712423440526910589642995,-0.2220370785637947319557384,-0.06814981850669413199206303,0.996777541319097459826537,0.04230999124745002393233051
left000369.jpg,-49.23537975624703477706134,-25.45168200912603495567055,917.1766765657812356948853,-0.1877026438844582312270859,0.06184432320617230804948861,-0.9802770002228732293403368,-0.9815902428665486123549044,-0.04771020032426810664194505,0.1849441318187964033992188,-0.03533146739061937546821923,0.9969448412385656377310283,0.06966111497698607157857964
left000371.jpg,-49.23533021782136387400897,-25.45169666689958276606376,917.2300684303045272827148,-0.3571893490741512300346017,0.05175803133475482403769163,-0.9325968448908322772084034,-0.9334681737907835064049777,-0.05446858034324993103059143,0.3545001301482005318099766,-0.03244899732941251141449257,0.9971731444176289427261395,0.06777007174685795165558488
left000373.jpg,-49.2352713821349681211359,-25.45171848948892900921237,917.4362201318144798278809,-0.3977136705501906344117913,0.04705070079554054401915764,-0.9163023888499598479384645,-0.9170501159471473595630187,-0.05198663931087624257010305,0.3953687824986752419320624,-0.02903310349959481451165288,0.997538781646011729620227,0.06382364775984220028881566
left000374.jpg,-49.23523899280726823235455,-25.45173091413249721881584,917.4817090407013893127441,-0.4055957616631540862961458,0.04896949983577382481403362,-0.912739867764480017342521,-0.913667468413311478769856,-0.05070304487720629638136671,0.4032876868978156892353581,-0.02652989415916545690166117,0.9975125008369638557326198,0.06530677905002889305219327
left000376.jpg,-49.23516588489520273697053,-25.45175780656130370971368,917.5203916765749454498291,-0.3844882167333345535098488,0.05269949298132740878042313,-0.921624421677687211129637,-0.9227621059750051868419973,-0.05012036936057686492551611,0.382096904399568448873481,-0.02605584329462170417590627,0.997351849657216238398405,0.0678997865647287257573339
left000378.jpg,-49.23508252370339732806315,-25.45178680163591167229242,917.4330309052020311355591,-0.3919719918236199696082167,0.05583868790792799463584828,-0.9182810019588475425322827,-0.9196982027365973033639079,-0.04836221518598000229660627,0.3896361277209521301045925,-0.02265333328446725302818265,0.9972678361779375721951624,0.07031137472754202255575962
left000380.jpg,-49.23499522461595745426166,-25.45181962782521267740776,917.3734128540381789207458,-0.4068645896410656437325315,0.05463722996102760021130962,-0.9118530467122394345125258,-0.9133278531542721179192768,-0.04304971555672534172520827,0.4049431498903193205052276,-0.01713004228879515949968138,0.9975778140539568461520048,0.06741710879675297252155985
left000381.jpg,-49.23495240844588494155687,-25.45183581232540959149446,917.3457339080050587654114,-0.4042839338193549014732753,0.05644712164042167690247709,-0.9128900390047310908769873,-0.9145336047170595783484259,-0.03970143344242822724954323,0.402556930167445425894357,-0.01351986311944546742536133,0.9976159173956314907272258,0.06767344132008910884135133
left000383.jpg,-49.23486932818975247982962,-25.45186676923173507702813,917.3296816227957606315613,-0.377637790916996063383948,0.06112887777252783150228055,-0.9239334170672706125770901,-0.9259227542744495886850586,-0.03304784849166826632416161,0.376264392185719609429384,-0.007533391543553164676483291,0.9975826281628720204608385,0.06908073537179815204467559
left000385.jpg,-49.23479109639913531282218,-25.45189659404818272037119,917.2913965014740824699402,-0.4105250195990324812989059,0.06025733446401438514472559,-0.9098561765062136430515238,-0.9118429864189360189996592,-0.03085152798455373726604911,0.4093782497148757970606425,-0.003402411176038497298002028,0.9977059871847568928160399,0.0676105519418303962941863
left000387.jpg,-49.23471892911061331687961,-25.45192595546130931438711,917.2651012698188424110413,-0.4176859028386894490125769,0.06136238256220100106830273,-0.9065170404223623634720752,-0.9085909828362128681789045,-0.02715976532350440619811849,0.4168030386840972378870163,0.0009552374331923338401928447,0.9977459622338054057166801,0.06709755858139652973104461
left000388.jpg,-49.23468386216266168275979,-25.45194160382146009169446,917.560816159471869468689,-0.4105338997127371825079933,0.05952177226510969865191925,-0.9099005856757501620180051,-0.9118270872029021756333123,-0.03311067490839958438186841,0.4092371516006110265806228,-0.005768901951278399692357723,0.9976777244348650208749518,0.06786661872191523947606129
left000390.jpg,-49.23461977657161270371944,-25.45196661667627680003534,917.5561771923676133155823,-0.407754145173745807806398,0.05973957161644913999021256,-0.9111354129198971918413008,-0.9130846724190064822579416,-0.02274647666944484489248701,0.4071350866636309628887602,0.003596955254623805317559793,0.9979547992680880552640588,0.06382225732992102829044256
left000392.jpg,-49.23457470751767317551639,-25.45198655154967326552651,917.633181963115930557251,-0.458061008360309551701306,0.0543720226659764327425961,-0.8872563303640880194578244,-0.888868837152953727986926,-0.03880402422180452559619113,0.4565155397602032039117148,-0.009607442859185289646406503,0.997766471102032981299601,0.0661042070242379431466162
left000393.jpg,-49.23455636412289493364369,-25.45199476943000860273969,917.685689752921462059021,-0.4523563738679062806724573,0.04864373688193428940662599,-0.8905096843287222396767788,-0.8918335554874714521389478,-0.027553661800372594714581,0.4515237590957603686092625,-0.00257299973855412006384924,0.9984360683506741107606786,0.05584619135441144799347768
left000395.jpg,-49.23450236525472689663729,-25.45201607646815133989548,917.7112029800191521644592,-0.3666982327265739249888554,0.06595267702085580441284662,-0.9279992729032661147314798,-0.9303114800498057945787878,-0.03379709012854048566509846,0.3652099489148444844133223,-0.007277101259947790085069741,0.9972502199010165879755618,0.07374986579395548247362058
left000396.jpg,-49.23447003741225813655547,-25.45202520151653402535885,917.6669203471392393112183,-0.2985237609178211792837487,0.08115482354027882261338078,-0.9509455603680085911122433,-0.9543997877953708242060316,-0.02762537258817958363277256,0.2972505405302335312889284,-0.002146910252257865775460388,0.9963185903141175137065488,0.08570097648719207650280794
left000398.jpg,-49.23440579837102859528386,-25.45204321341464748229555,917.7202399251982569694519,-0.352919387181242993900554,0.07054933630469725769351896,-0.9329901914267818563430978,-0.935598969454199513862136,-0.01582061682619582618225529,0.3527099040847573863111108,0.01012296932011080841107287,0.9973828248121207051823944,0.07158928873748252041941953
left000400.jpg,-49.23434406030466448100924,-25.45205330911868202292681,917.6754982275888323783875,-0.05638260832963909452431039,0.07891198110208780258645334,-0.9952858386998633122288993,-0.9984091941919277513051156,-0.004169686364077131862648784,0.05622894867104276384051076,0.0002871079449337683719978287,0.9968728669966742117480862,0.07902154525734712831042117
left000404.jpg,-49.23424681163479021961393,-25.45204298523049502023241,917.5825787922367453575134,0.6011248083084587134905519,0.1169542473235009039100873,-0.7905508641884543274969133,-0.797678974066203361203975,0.02771147942239180622658878,-0.6024452906620749725874475,-0.04855120151765829339396419,0.9927506121585699672138503,0.1099500017734240941980062
left000405.jpg,-49.23424121658877794516229,-25.45203370159165601194218,917.5462655276060104370117,0.8088711538950996704500085,0.1197446439559254061091309,-0.5756636836211562746612458,-0.5837868129717350695884193,0.04675390367818624964835195,-0.8105597013737827483126352,-0.07014565843097132769035085,0.9917032281558427753154206,0.1077232280827394306221834
left000407.jpg,-49.23424007832903015469128,-25.45202944856545812513104,917.5703564854338765144348,0.8591482482118308894314396,0.1006025328157117704197532,-0.5017403890316245451685973,-0.5068156597781563466043053,0.03176921145575955368611787,-0.8614688643283120450533374,-0.07072605317826222148802628,0.9944193519811160841825881,0.07828140141363543191843632
left000408.jpg,-49.23424044891083184438685,-25.45202968241189367404331,917.554086661897599697113,0.8618769878187262367674748,0.1042509526972799221988808,-0.4962860029561875219172862,-0.5019713273610657555678927,0.03631794160474334509647321,-0.8641213998188939093836325,-0.07206139310261248931421818,0.9938876928402443633459029,0.08363258721818171703699107
left000409.jpg,-49.23424368165675701902728,-25.4520330630458424536755,917.5025970833376049995422,0.9104013597277089697712427,0.1041738783754760644395532,-0.4003962628074225760244076,-0.4086127814784399903125234,0.07471485770158391159778688,-0.9096445926025641393053434,-0.06484565535478641062905325,0.9917487046136452821798457,0.110587286243783972095045
left000410.jpg,-49.23424518781717296178613,-25.45203509697655519516957,917.5123466001823544502258,0.9369709654518519892363315,0.1135889294704270635616439,-0.3304284567073285661109594,-0.3392495870928634582597283,0.06937904239221973079487782,-0.9381344605833753513834949,-0.08363687917148865391681056,0.9911024687581506675826404,0.1035411457535255624895498
left000411.jpg,-49.23424752084086009062958,-25.45203836278156828143437,917.5102336918935179710388,0.9686032583603465528909737,0.1030249911003912333118393,-0.2262599812217890860033265,-0.2346025660758418451834473,0.07758368846553724551551312,-0.968990406183009245211224,-0.08227614407803943152863724,0.9916484369436814327869456,0.09931774072542570719335231
left000413.jpg,-49.2342513563411259269742,-25.45204706364931368511861,917.5234573427587747573853,0.9956331268658480393440868,0.08597674153608783620406086,0.03636862112001574415254268,0.02891502630641440765857375,0.08640234893059443865848124,-0.9958406274866353768970839,-0.08876146653269013919729247,0.9925435174409799055084136,0.08353902109106575712971221
left000414.jpg,-49.23425223344024459493085,-25.45205111573143241798789,917.5626105768606066703796,0.9855289056399557656718002,0.0748962851010653851702159,0.1520635479862663674843759,0.1452502073031406992775771,0.08930365861422757955967455,-0.9853563993989731262246323,-0.08737936499257846489907564,0.9931844758332529776723163,0.07713263600655879959067107
left000415.jpg,-49.23425226674713428565155,-25.45205194349127708619562,917.5579706551507115364075,0.9814999826389589898667509,0.07417948190804492247796276,0.1765083242897544091309925,0.1696734546842530999555265,0.09012693433483723315369218,-0.9813704980703844560352422,-0.08870570925951601348735664,0.9931639039812399927242836,0.07587329552291913192796358
left000416.jpg,-49.23425212998009925513543,-25.45205005768035988467091,917.5575398467481136322021,0.9882122729795806970187755,0.08050131378131937520681305,0.1302153678027764827085377,0.1228343225542677108474976,0.0907063927830830535326001,-0.9882732817955345305804826,-0.09136866385782878297039389,0.9926187026183631578746258,0.0797488462428919409052952
left000417.jpg,-49.23425218865904184895044,-25.45205105088732011608954,917.5523666013032197952271,0.9845860545619883330559219,0.07745615035050801289173705,0.1568146866047206433592009,0.1495998008441759841158358,0.09153838644926440282212354,-0.984500189636166700424269,-0.0906101580919057014718021,0.9927846033149106963477948,0.07853999408845900587206046
left000418.jpg,-49.23425206133717324519239,-25.45205555956065168743407,917.5794901549816131591797,0.9647666692377664388047265,0.07115702213369325124237008,0.2533020965742917018914682,0.2466437583575796232970845,0.09061095488954259979941241,-0.9648608766642234879640228,-0.09160857160285049149983649,0.9933409953561114225095707,0.06986799377264962807032589
left000419.jpg,-49.23425157214947489592305,-25.4520614614403797304476,917.6281791171059012413025,0.9160134793980067025032099,0.04895639247981724284652927,0.3981489384596171854369118,0.3929450635979467310043844,0.09017910013985246109324834,-0.9151294481612818332294523,-0.08070614942594803165043515,0.9947215698542626327594007,0.06336809853157948646540376
left000420.jpg,-49.23425035911233749175153,-25.4520659542061338243002,917.6136570982635021209717,0.8569529592114437654970516,0.04119360387353256797160483,0.5137457665992591904213782,0.508538377752654535690624,0.09446754123218996379574008,-0.8558414584525821933169709,-0.08378749340712057791513701,0.9946753091604590979457612,0.06000571052072234401464357
left000421.jpg,-49.23425017821552529539986,-25.45206626785085290975985,917.631486240774393081665,0.85249362428153241388884,0.04559839350758183168510485,0.5207450499705836843844509,0.5147345600818677979759741,0.1004251440103674231085762,-0.8514476631642273751765515,-0.09112054223205526271023302,0.9938991784683317565196603,0.0621407259638276712743199
left000422.jpg,-49.23425080493594663266776,-25.4520653702911729965308,917.6112872567027807235718,0.8510582327853326578548376,0.04589800315665914370866219,0.5230614282419784322186729,0.5171332878093077844994241,0.09929468412120835696388355,-0.8501257132594010057502487,-0.09095629196401236460367556,0.9939989632849225431598938,0.06077017311688809320102678
left000423.jpg,-49.23425214435445695926319,-25.4520645960081175473988,917.6534507339820265769958,0.8234846760935493614752545,0.04276779169168796329580928,0.5657242298442931582869164,0.5603832045169759856761971,0.09434498199362077730523168,-0.822842444498282366005526,-0.088564396539396544882905,0.9946205006767354639407586,0.05372529477976567546804176
left000424.jpg,-49.23425760465060818660277,-25.45206144443611862016041,917.6611307282000780105591,0.6897592736075603969680969,0.03584557374133498508506079,0.7231509104713380597928563,0.7184121853830618409375575,0.09039035007683123013055848,-0.6897198826379599134739351,-0.09008926886984733317653706,0.995261111194515768474389,0.03659568524230588648649132
left000425.jpg,-49.23426793577070270657714,-25.45205894480983488392667,917.7431731140241026878357,0.3961376354929046494923739,0.02371992530289895179107518,0.9178847089312008877826088,0.9129066617636730773810427,0.09692273007213457469699591,-0.3964938981912213278313573,-0.09836869752922955401075455,0.9950092208311381858365507,0.01674066329073906067570476
left000426.jpg,-49.23428554654977062909893,-25.45205822515842797315599,917.7653176831081509590149,0.09208510841566332205676559,-0.01060589313048461435062819,0.995694655925690952358309,0.9917013168238869580406458,0.0910698039484272303667467,-0.09074573829422633020058697,-0.08971527750525384869995094,0.9957880325850979597035462,0.0189040509535789193196198
left000427.jpg,-49.23431009518479584130546,-25.45206022148835600660277,917.8988011684268712997437,-0.03280556208287681990709572,-0.01137690256663041049600693,0.9993969987869766313792752,0.9962057173978906554623336,0.08027592390921158005401281,0.03361464954862779935806927,-0.08060994802244388079959236,0.9967077516145399496139134,0.008700238577591768579511111
left000429.jpg,-49.23436327239875254235812,-25.45205631989020744754271,917.8912949478253722190857,0.116845241965175317133685,0.0007246861422264723462394187,0.9931498699894667492316103,0.9863654335945171158783751,0.1166042877387912235498391,-0.1161321294510245655251524,-0.1158896925528753174550189,0.993178188902134606586003,0.0129098508541186339504403
left000430.jpg,-49.23438696515513868234848,-25.45205183752154098897336,917.8933720095083117485046,0.214889397241355112333494,0.003842666176038928016467366,0.976630831414771138909714,0.9705194562699734905919513,0.110923643137709401762514,-0.2139811449508882690295763,-0.1091537079291493156363302,0.9938215027406670509790843,0.02010693252588102025724126
left000432.jpg,-49.23442521336254884545269,-25.45204065855103436888385,918.0368766281753778457642,0.34269103032856812474094,0.01924404902217959068000397,0.9392510443484086701815272,0.9345056367861741541958054,0.09543836922730808414172543,-0.3429150514254218351517522,-0.09623966202773223677091607,0.9952493075890401774685756,0.01472220079756797472825269
left000433.jpg,-49.23443744952895428923512,-25.45203586348220170521017,917.9695514002814888954163,0.3599827589480396050625188,0.02332739825925297244557655,0.9326672749435415132879257,0.9275327138520347292072188,0.09871412044635441418449773,-0.3604699531982972215971017,-0.1004762558739008826425021,0.994842376919558235570662,0.01389845641089544614477091
left000436.jpg,-49.23444391677246301242121,-25.45203460066540301909299,918.1249960847198963165283,0.368149636954217873707762,0.01896511336684822066067646,0.9295731113180181193200724,0.9248013806135635395122563,0.09571752606183010769758113,-0.3682126581472316417809054,-0.09595963331382967309579612,0.9952278531469994637959076,0.01769940944466450588601347
left000437.jpg,-49.23444388905439694781307,-25.45203493812414308195002,918.1214614100754261016846,0.3684716207344393978928565,0.01896595205034230791074634,0.9294455107084866885003294,0.9246842905940683143839465,0.09560807369435213309838417,-0.3685350172955080272352291,-0.09585211234960051840392481,0.9952383578355888937849727,0.01769134395234359460880036
left000439.jpg,-49.23444389134891707726638,-25.45203388513114362012857,917.9844005703926086425781,0.3683953389215317564264751,0.01850509168811851484770514,0.9294850379874350920772486,0.9245901454249202400248464,0.09707418761146646701831742,-0.3683879274388602853562702,-0.09704605733369542353017323,0.9951051018265297809506365,0.0186520528306393720829881
left000440.jpg,-49.23444379676755033869995,-25.45203389611173960815904,917.9721693824976682662964,0.3684636950434008739740932,0.01846235325378991348754809,0.9294587924955555191530721,0.9245240448676568245645058,0.09749032690088144104123558,-0.3684439260217302614108803,-0.09741558343771664074672856,0.9950652127740630126240262,0.01885275657291826667538714
left000442.jpg,-49.23444879165165133372284,-25.45203155206571210555921,918.006379322148859500885,0.3712769604815191470947866,0.03014804466043452188528384,0.928032603963221291998309,0.9234780972092453410482449,0.09204803523362349582104258,-0.3724451143248111995021077,-0.09665206976778301095620805,0.9952980732488040382932581,0.006334255822238017696879098
left000444.jpg,-49.23448032779361938082729,-25.45201943687394674498137,918.1136067593470215797424,0.3734021055245264064659239,0.03102248074897077934064527,0.9271507284568298867810654,0.9228784613924807533891226,0.08902293827717894236783991,-0.3746601953215014102482883,-0.09416057076982078943849785,0.9955463435464354526871489,0.004611373290490362875093666
left000446.jpg,-49.23451699104425216546588,-25.45200608071010961452885,918.0608470030128955841064,0.3557924566788052689325639,0.01340973211392191763446924,0.9344687832427006624058663,0.930465848366652581447056,0.08846546000702758261180492,-0.3555378565062670137564282,-0.08743587818387990595603299,0.9959889765807538042352576,0.01899804557937078905438533
left000448.jpg,-49.23457275818375933340576,-25.4519858851308100611277,918.0202732151374220848083,0.3624101585522915280890288,0.009288953634410176268820791,0.9319724203636506887349356,0.9261793183306035182056348,0.1081699604832083716488,-0.3612355601899123747067222,-0.1041669202518804848711653,0.9940890176384803433862203,0.0305986557841918319078367
left000449.jpg,-49.23460356898208090115077,-25.45197496907509915331502,918.0145843550562858581543,0.3623805672336495864449546,0.01147814012650684445393523,0.9319595360264600891753162,0.9264923001182470141401382,0.1044051429617299797669716,-0.3615405702611270144508637,-0.1014511819202644632431642,0.9944686110794934696954783,0.02719998648169498836613123
left000451.jpg,-49.23467412619051941646831,-25.45194990883560848260458,918.0081192469224333763123,0.3747962673694279489566838,0.01328227025680665633611266,0.9270120491464871603781717,0.9226317167212114700447501,0.09278610276742303708541471,-0.3743547173915450776426894,-0.09098611578705023683610875,0.9955974690757599665502653,0.02252124117199355915475145
left000453.jpg,-49.23475194737907401076882,-25.45192020506479479990958,918.0144139574840664863586,0.3895541054231997368795248,0.01475744313227269829957855,0.9208853440141874235891351,0.9160125245622608991524771,0.09774459920927262845946615,-0.3890591833776608776673811,-0.09575308764214413015380956,0.9951021109401870790023281,0.02455880716524009091394909
left000454.jpg,-49.23479253809966849075863,-25.45190450740754073422067,918.0402944628149271011353,0.3952039790921944573121039,0.0150440290969150458622039,0.9184701911865333912032838,0.9139269237364200382245372,0.09421587804526594667198225,-0.394792282591547027958967,-0.09247374210758724233372163,0.9954381173697794960020246,0.02348534666400912268580115
